8;1.25 1.5 0.0 0.25 1.0 1.0 1.0 0.75 1.5 1.0 1.0 1.5 1.25 1.5 1.5 0.75 1.5 1.5 1.0 0.75 0.25 0.0 1.0 0.0 0.0 0.5 1.5 0.0 0.75 0.0 1.5 1.25 0.75 1.25 0.5 0.25 0.75 0.5 0.5 0.5 1.5 0.75 1.25 1.0 1.25 0.0 1.25 0.5 0.0 1.0 1.0 0.5 0.5 0.75 0.25 1.25 1.25 1.25 1.0 0.5 0.0 1.5 1.25 0.5;1 11 13 14 16 17 30 40
3;0.25 0.25 0.0 0.25 0.25;1 3 4
2;-0.125 1.625 1.5 -0.75 -0.375 0.0 0.125 0.75 2.25 0.75 0.5 -0.5 -1.25 -1.125 -1.125 0.125 1.625 -1.375 -1.625 0.5 4.0 -1.875 -1.875 -0.5 -0.625 -1.125 0.5 -1.625 -3.125 0.375 -1.125 0.5 0.0 0.375 -1.125 -1.625 -1.75 0.5 -3.375 0.25 -0.125 1.75 -2.75 -0.25 0.625 -1.75 2.375 -1.5 -1.375 3.0 1.875 1.375 0.375 -1.75 -3.75 1.125 2.875 -0.625 -0.5 0.125 -0.125 1.75 2.0 1.375 -1.375 0.875 0.0 0.0 -3.0 -1.75 2.25 1.375 0.0 2.125 0.0 -3.75 -1.0 -1.875 0.75 1.125 -2.25 -1.25 1.625 -0.5 -0.125 -0.75 0.375 2.0 3.0 -0.75 -0.625 0.0 -1.75 -3.0 0.75 -3.25 -0.5 1.5 0.625 -1.75 0.125 0.25 2.5 2.0 1.375 0.5 -1.5 2.0 1.75 0.25 -0.625 1.125 -0.375 0.625 1.875 -0.625 0.25 -0.875 -1.625 -0.25 -1.0 1.75 -0.25 -0.5 -0.75 0.625 0.375 -0.25;20 49
8;1.5 3.75 0.0 1.0 4.0 1.5 4.0 1.0 1.25 1.25 3.0 2.0 3.25 3.25 0.5 3.0 2.25 1.25 2.75 1.25 2.0 3.5 3.75 3.25 2.25 3.5 1.25 2.5 4.0 3.75 3.5 0.75 4.0 4.0 2.0 0.75 1.5 1.75 0.0 0.5 3.5 2.5 3.25 1.25 0.0 2.75 1.25 2.75 1.5 0.75 2.0 1.5 2.25 2.0 1.0 0.75 2.0 0.75 3.25 1.25 0.75 0.25 2.75 1.25;1 4 6 22 28 29 32 33
8;0.0 0.5 0.5 0.25 0.5 0.5 0.0 0.0 0.75 0.5 0.75 0.0 0.0 0.0 0.25 0.0 0.5 0.0 0.0 0.5 0.5 0.75 0.0 0.75 0.5 0.25 0.75 0.75 0.0 0.5 0.5 0.75 0.5 0.5 0.0 0.75 0.0 0.5 0.5 0.5 0.0 0.5 0.75 0.5 0.0 0.5 0.25 0.0 0.0 0.25 0.0 0.0 0.0 0.25 0.5 0.5 0.0 0.75 0.25 0.5 0.75 0.75 0.75 0.25;10 21 26 27 31 35 42 62
4;1.0 1.25 0.0 3.0 2.0 1.0 1.75 0.0 0.0 2.0 3.75 3.25 2.0 2.5 1.0 0.5 1.25 0.25 4.0 2.0 2.5 4.0 2.5 0.25 0.0 1.75 3.75 0.25 1.75 4.0 1.0 3.0 2.75 1.75 2.0 2.5 1.5 2.75 2.75 3.5 3.5 3.75 2.25 1.5 1.25 3.25 1.0 3.75 0.0 2.75 4.0 3.25 0.25 1.25 0.5 2.25 2.75 2.0 1.0 0.75 0.0 1.5 2.25 0.25 3.0 3.0 4.0 1.25 4.0 0.75 0.5 1.0 3.0 2.5 2.0 2.25 0.25 1.5 1.25 2.25 2.25 2.25 2.75 1.0 3.0 1.5 0.0 3.75 3.25 2.75 1.25 4.0 0.0 1.25 2.5 1.0 1.25 0.0 0.75 4.0 0.0 2.75 0.5 2.75 2.25 1.5 1.0 1.75 1.0 0.75 2.5 3.75 0.75 0.5 3.0 2.0 2.25 0.75 2.75 3.75 3.75 0.75 4.0 1.75 2.75 3.5 2.75 0.5 0.5 0.5 3.75 2.25 2.0 1.75 1.25 2.5 3.25 4.0 2.5 2.5 3.75 3.0 2.5 1.25 1.5 3.5 1.75 2.75 2.75 3.25 3.0 1.5 1.0 3.5 1.0 3.25 2.0 2.5 0.75 2.5 2.0 3.5 2.0 1.0 2.0 1.75 2.5 1.0 0.75 2.0 2.25 3.5 3.0 3.0 0.0 2.5 3.25 2.5 0.75 3.75 4.0 1.5 3.25 2.75 2.5 0.25 3.0 1.25 0.0 2.0 2.0 1.0 2.5 3.25 3.75 3.75 2.5 0.0 0.25 1.75 0.75 2.0 2.5 0.0 1.5 3.5 4.0 2.0 2.75 0.5 1.5 0.0 0.75 1.0 2.5 1.75 3.5 1.5 1.25 2.25 0.5 3.25 4.0 1.0 0.75 0.0 2.0 3.25 0.25 1.25 4.0 1.75 3.75 2.5 2.5 2.75 2.5 3.75 2.0 3.75 2.5 2.0 0.25 3.75 1.0 0.0 3.75 2.75 2.0 3.5 1.5 2.75 2.0 4.0 3.0 2.25;18 21 29 50
1;3.25 0.5 4.0 2.25 3.75 0.5 4.0 4.0 2.5 3.75 2.5 2.5 2.75 1.25 0.5 1.25 2.0 4.0 4.0 3.0 0.75 1.5 0.0 3.5 1.75 1.5 3.25 4.0 4.0 1.0 4.0 1.5 2.0 3.75 1.0 2.5 2.75 3.0 1.5 1.0 1.0 1.0 1.0 0.25 0.25 2.0 2.25 1.25 1.0 2.0 2.75 1.0 3.5 1.25 1.25 0.25 1.25 1.0 3.25 3.75 0.0 2.25 1.75 4.0;2
3;1.875 1.25 -2.625 1.75 1.125;0 1 3
1;0.25 0.25 0.25 0.0 0.0 0.0 0.0 0.25 0.25 0.0 0.0 0.0 0.0 0.25 0.0 0.25 0.0 0.25 0.25 0.25 0.25 0.0 0.25 0.25 0.25 0.0 0.0 0.0 0.0 0.0 0.25 0.0 0.0 0.0 0.0 0.25 0.0 0.25 0.0 0.0 0.25 0.25 0.25 0.25 0.0 0.25 0.25 0.25 0.25 0.25 0.0 0.0 0.0 0.0 0.25 0.25 0.25 0.0 0.25 0.25 0.0 0.25 0.25 0.25 0.0 0.25 0.25 0.0 0.0 0.0 0.0 0.25 0.0 0.25 0.25 0.25 0.0 0.0 0.25 0.0 0.0 0.0 0.25 0.0 0.0 0.25 0.0 0.0 0.0 0.0 0.25 0.0 0.25 0.25 0.0 0.25 0.25 0.0 0.25 0.0 0.25 0.25 0.0 0.25 0.0 0.0 0.25 0.0 0.0 0.25 0.25 0.25 0.0 0.25 0.0 0.25 0.0 0.25 0.0 0.25 0.0 0.25 0.25 0.25 0.0 0.25 0.0 0.0 0.25 0.0 0.0 0.0 0.25 0.25 0.0 0.0 0.25 0.25 0.0 0.0 0.0 0.0 0.25 0.0 0.25 0.25 0.0 0.25 0.0 0.0 0.0 0.0 0.25 0.0 0.25 0.25 0.0 0.0 0.25 0.0 0.25 0.0 0.0 0.0 0.25 0.0 0.0 0.25 0.0 0.25 0.25 0.0 0.0 0.0 0.25 0.0 0.25 0.0 0.25 0.25 0.0 0.0 0.0 0.0 0.25 0.25 0.0 0.25 0.0 0.0 0.0 0.0 0.0 0.25 0.25 0.25 0.0 0.25 0.0 0.0 0.25 0.0 0.0 0.0 0.25 0.0 0.25 0.0 0.25 0.0 0.0 0.0 0.25 0.0 0.25 0.25 0.25 0.25 0.0 0.0 0.25 0.0 0.0 0.25 0.0 0.25 0.0 0.25 0.0 0.0 0.25 0.0 0.25 0.0 0.0 0.25 0.0 0.25 0.0 0.0 0.0 0.0 0.25 0.0 0.25 0.25 0.0 0.25 0.25 0.0 0.25 0.0 0.25 0.0 0.0 0.0;0
2;0.25 0.25 0.25 0.25;2 3
2;1.5 1.75 1.0 1.25 0.5 0.25 2.0 0.0;1 6
1;1.0 1.5 0.75 1.25 0.5 0.25 0.75 1.5 0.5 1.25 2.0 1.5 0.75 2.0 1.0 2.0 2.0 1.5 1.0 1.25 1.75 0.75 0.5 2.0 1.0 0.0 0.75 1.0 0.5 1.5 0.5 1.75 1.5 1.75 0.0 1.0 0.0 2.0 1.25 2.0 1.0 1.5 0.75 2.0 2.0 1.0 2.0 1.25 1.25 1.5 2.0 0.75 0.0 1.5 2.0 1.5 1.5 1.25 0.75 2.0 1.5 1.25 0.0 0.25;10
2;1.0 0.75 0.75 0.25 0.75 1.0 0.25 0.5 0.0 1.0 0.0 0.0 0.0 0.25 0.75 0.0 0.75 1.0 0.5 1.0 0.0 0.75 0.25 0.5 0.5 0.0 0.0 0.0 0.5 0.25 0.75 0.75 0.0 0.0 0.25 1.0 0.75 0.5 1.0 0.25 0.0 0.0 0.5 0.25 0.25 0.75 0.75 0.0 1.0 0.75 0.25 0.0 0.0 0.75 0.75 0.0 0.75 0.75 0.0 0.75 0.75 0.5 0.0 0.0;35 38
4;0.25 1.0 2.0 2.0 0.75 1.5 0.25 1.25 0.5 0.0 0.5 1.0 1.0 1.5 0.25 0.75 1.25 0.25 1.5 0.25 1.0 1.25 1.5 1.0 0.75 2.0 0.5 2.0 1.5 1.0 0.0 2.0 1.0 2.0 1.75 1.0 1.5 1.0 0.75 1.75 0.5 1.25 2.0 1.0 1.0 1.0 0.25 0.75 0.0 0.75 1.25 1.25 0.25 1.25 1.5 1.5 1.75 1.5 0.25 1.25 1.5 1.75 1.25 1.5 1.25 0.0 1.25 1.5 1.25 1.0 1.75 0.0 1.25 1.5 1.75 0.0 0.0 1.0 2.0 2.0 0.0 0.25 1.25 1.5 1.0 1.5 1.0 1.0 0.0 0.75 0.75 0.0 0.25 0.75 0.5 0.0 1.25 2.0 1.75 0.25 2.0 2.0 0.0 1.0 0.5 0.25 1.5 0.75 0.25 0.25 0.25 0.25 1.5 0.0 0.5 1.75 2.0 0.0 1.0 1.5 1.25 2.0 1.75 0.75 0.0 1.5 1.0 0.5 1.0 2.0 0.5 1.5 0.0 0.25 1.75 1.5 1.75 1.75 0.5 0.0 1.0 0.25 0.5 1.5 0.75 1.0 1.75 2.0 0.5 0.75 1.25 0.5 1.0 0.0 0.25 0.75 1.75 1.5 0.25 1.25 1.5 0.25 0.0 1.25 0.25 1.0 2.0 0.75 0.75 1.25 1.0 0.25 1.0 2.0 2.0 0.25 2.0 0.25 0.75 1.75 2.0 1.25 0.5 0.5 0.5 0.75 2.0 1.0 0.25 1.5 1.0 1.75 1.25 0.75 0.75 0.5 1.25 1.75 0.25 0.5 1.0 2.0 0.0 2.0 1.25 0.75 1.0 1.75 0.0 1.0 0.5 1.0 1.75 1.5 0.25 0.75 1.0 0.25 1.0 1.5 0.25 1.75 1.25 1.0 1.0 0.5 0.0 0.25 1.0 1.5 0.25 0.75 0.75 2.0 0.0 0.0 1.25 0.75 0.0 1.25 0.25 1.0 1.75 2.0 1.5 1.25 2.0 0.75 0.0 1.25 1.75 1.75 1.5 0.0 1.25 1.25;2 3 25 27
1;0.5 0.75 0.0 0.0 0.75 0.75 0.0 0.0 0.75 0.25 0.75 0.75 0.0 0.5 0.0 0.5 0.0 0.25 0.75 0.25 0.25 0.5 0.25 0.75 0.0 0.0 0.0 0.75 0.5 0.25 0.75 0.25 0.25 0.5 0.25 0.5 0.75 0.5 0.75 0.75 0.75 0.25 0.0 0.75 0.75 0.5 0.25 0.75 0.5 0.5 0.25 0.5 0.0 0.25 0.5 0.25 0.0 0.75 0.25 0.25 0.25 0.5 0.75 0.75;1
8;0.5 0.0 0.0 0.5 0.75 0.5 0.0 0.75 0.75 0.5 0.75 0.0 0.0 0.5 0.0 0.0 0.25 0.25 0.5 0.5 0.25 0.5 0.5 0.0 0.5 0.25 0.5 0.75 0.5 0.75 0.0 0.25 0.5 0.5 0.75 0.0 0.25 0.75 0.0 0.5 0.75 0.0 0.0 0.0 0.0 0.0 0.0 0.5 0.25 0.0 0.0 0.75 0.0 0.0 0.0 0.75 0.0 0.25 0.25 0.75 0.25 0.25 0.0 0.5 0.75 0.0 0.25 0.0 0.5 0.75 0.75 0.0 0.75 0.75 0.0 0.0 0.5 0.75 0.25 0.5 0.0 0.0 0.0 0.25 0.0 0.25 0.25 0.0 0.0 0.5 0.0 0.25 0.0 0.0 0.5 0.25 0.75 0.25 0.75 0.0 0.75 0.75 0.0 0.5 0.5 0.25 0.25 0.0 0.0 0.25 0.75 0.75 0.0 0.0 0.25 0.75 0.75 0.0 0.5 0.75 0.25 0.25 0.25 0.0 0.25 0.25 0.75 0.0 0.25 0.75 0.0 0.75 0.0 0.5 0.0 0.25 0.0 0.5 0.75 0.0 0.75 0.75 0.5 0.5 0.5 0.5 0.0 0.75 0.75 0.25 0.5 0.0 0.75 0.75 0.75 0.25 0.5 0.75 0.25 0.5 0.0 0.25 0.5 0.0 0.75 0.25 0.75 0.5 0.25 0.75 0.75 0.25 0.25 0.0 0.25 0.0 0.25 0.5 0.25 0.25 0.0 0.5 0.25 0.75 0.25 0.25 0.75 0.0 0.5 0.0 0.75 0.0 0.0 0.75 0.0 0.5 0.0 0.5 0.0 0.75 0.0 0.0 0.25 0.25 0.25 0.5 0.25 0.75 0.5 0.75 0.25 0.75 0.25 0.75 0.75 0.0 0.25 0.0 0.75 0.0 0.25 0.0 0.25 0.5 0.75 0.0 0.75 0.0 0.0 0.25 0.25 0.25 0.75 0.75 0.5 0.25 0.5 0.25 0.25 0.75 0.5 0.75 0.5 0.5 0.0 0.0 0.25 0.5 0.0 0.0 0.0 0.75 0.25 0.75 0.0 0.75;70 72 73 77 98 183 193 199
8;1.375 1.75 1.75 0.625 -0.875 -0.375 -0.375 -0.75 1.25 -1.625 -1.125 -1.625 1.0 0.125 -1.375 0.25 1.5 3.25 0.875 0.75 -0.375 -0.5 0.75 -0.5 0.75 -1.625 1.75 1.625 0.875 1.375 1.625 1.125 -2.5 1.25 -0.125 -2.75 -1.25 0.75 0.75 -2.5 -0.125 1.0 0.375 0.75 -2.375 0.625 -0.5 0.5 0.875 0.625 -1.75 -0.75 -1.25 -3.25 0.25 0.375 -1.625 -1.0 0.75 1.25 0.125 1.375 2.5 -1.375;1 2 16 17 26 27 30 62
8;3.5 3.25 2.0 0.5 1.25 3.75 2.25 2.0 3.5 3.0 3.0 0.25 2.0 3.5 0.5 1.75 1.75 3.0 0.25 2.75 2.5 0.0 2.25 3.0 2.75 3.5 0.0 3.25 0.25 2.5 3.25 2.0 1.75 1.75 1.5 4.0 3.5 1.25 3.0 3.75 3.5 0.75 0.0 3.0 2.25 2.0 2.25 3.0 2.25 0.25 1.75 3.5 1.25 0.0 2.5 3.25 1.75 1.0 3.25 3.0 0.0 3.75 2.5 3.0;5 13 25 35 36 39 40 61
2;0.5 1.0 0.0 0.75 1.0 1.0 0.25 0.0 0.25 1.0 0.75 0.25 0.25 0.0 1.0 1.0 0.75 0.75 1.0 0.5 0.25 1.0 0.75 0.0 0.0 0.0 0.0 1.0 1.0 1.0 0.75 0.75 0.0 0.0 0.25 1.0 0.25 0.25 0.0 0.75 0.0 0.0 0.75 1.0 0.25 1.0 1.0 0.5 0.5 0.25 0.75 1.0 0.25 0.0 0.75 0.25 0.5 0.5 0.25 0.0 0.75 0.75 0.5 0.75 0.75 0.5 0.25 0.25 0.25 0.0 0.75 0.75 0.75 0.75 1.0 0.25 0.0 0.5 0.0 0.5 0.25 0.5 0.5 0.75 1.0 0.75 0.75 0.25 0.5 0.25 0.0 1.0 1.0 1.0 0.0 0.25 0.25 0.25 0.0 0.25 0.75 0.75 1.0 0.75 1.0 0.25 0.25 0.75 0.0 0.25 1.0 0.25 0.0 0.25 1.0 0.5 0.75 0.0 0.5 0.0 0.25 1.0 0.5 0.25 1.0 0.25 0.0 0.75;1 4
2;0.5 0.75 1.0 1.0 0.25 0.75 0.0 0.75;2 3
2;0.25 0.75 0.0 0.75 0.5 0.5 0.0 0.0 0.0 0.5 0.5 0.5 0.75 0.0 0.75 0.5 0.5 0.5 0.0 0.0 0.75 0.5 0.5 0.0 0.5 0.0 0.0 0.0 0.25 0.25 0.0 0.5 0.75 0.0 0.5 0.0 0.25 0.75 0.0 0.5 0.75 0.0 0.0 0.0 0.0 0.0 0.5 0.5 0.5 0.5 0.75 0.0 0.5 0.0 0.5 0.75 0.5 0.25 0.25 0.0 0.0 0.25 0.5 0.5 0.0 0.25 0.0 0.0 0.5 0.5 0.25 0.0 0.5 0.25 0.25 0.75 0.25 0.25 0.75 0.75 0.5 0.0 0.75 0.5 0.5 0.25 0.5 0.75 0.5 0.5 0.0 0.5 0.5 0.0 0.75 0.5 0.5 0.5 0.75 0.25 0.5 0.25 0.5 0.5 0.75 0.0 0.75 0.25 0.5 0.0 0.5 0.75 0.0 0.25 0.5 0.75 0.5 0.0 0.75 0.5 0.25 0.75 0.75 0.0 0.5 0.25 0.25 0.0;1 3
8;0.25 0.0 0.0 0.25 0.25 0.25 0.25 0.25 0.25 0.0 0.25 0.0 0.0 0.25 0.25 0.0 0.25 0.0 0.0 0.25 0.0 0.25 0.25 0.25 0.0 0.0 0.25 0.0 0.25 0.25 0.25 0.0 0.0 0.25 0.25 0.25 0.25 0.0 0.25 0.0 0.25 0.25 0.25 0.25 0.0 0.0 0.0 0.0 0.0 0.25 0.25 0.0 0.25 0.0 0.0 0.25 0.25 0.25 0.0 0.25 0.25 0.25 0.25 0.25 0.0 0.25 0.25 0.25 0.25 0.25 0.25 0.25 0.25 0.0 0.25 0.25 0.25 0.0 0.25 0.25 0.0 0.25 0.25 0.0 0.0 0.25 0.0 0.25 0.25 0.25 0.0 0.25 0.25 0.25 0.0 0.25 0.25 0.0 0.0 0.0 0.0 0.0 0.0 0.25 0.0 0.0 0.0 0.0 0.25 0.25 0.25 0.0 0.25 0.0 0.25 0.25 0.25 0.25 0.25 0.25 0.25 0.0 0.0 0.0 0.25 0.0 0.0 0.0 0.0 0.25 0.0 0.25 0.25 0.25 0.0 0.25 0.0 0.25 0.0 0.0 0.25 0.0 0.25 0.25 0.0 0.25 0.25 0.25 0.25 0.25 0.0 0.25 0.25 0.0 0.0 0.0 0.0 0.0 0.25 0.25 0.0 0.25 0.25 0.0 0.0 0.0 0.25 0.25 0.25 0.0 0.25 0.0 0.0 0.25 0.25 0.0 0.0 0.25 0.0 0.0 0.25 0.0 0.0 0.25 0.0 0.0 0.0 0.25 0.25 0.25 0.25 0.25 0.0 0.25 0.25 0.25 0.0 0.25 0.0 0.0 0.25 0.0 0.0 0.25 0.0 0.25 0.25 0.0 0.0 0.25 0.0 0.25 0.25 0.0 0.25 0.0 0.0 0.25 0.0 0.0 0.25 0.0 0.25 0.25 0.25 0.25 0.0 0.25 0.25 0.0 0.0 0.0 0.0 0.0 0.25 0.0 0.25 0.25 0.25 0.25 0.25 0.25 0.0 0.0 0.0 0.25 0.0 0.0 0.0 0.0 0.25 0.25 0.25 0.0 0.0 0.0;108 109 112 114 115 116 211 212
2;0.25 0.0 0.5 0.0 0.75 0.0 0.25 0.25 0.75 0.5 0.5 0.25 0.5 0.5 0.25 0.5 0.5 0.75 0.5 0.5 0.5 0.0 0.5 0.5 0.25 0.25 0.0 0.75 0.0 0.25 0.75 0.0 0.25 0.75 0.25 0.0 0.25 0.75 0.5 0.25 0.75 0.0 0.5 0.75 0.75 0.0 0.5 0.0 0.25 0.75 0.75 0.0 0.25 0.5 0.25 0.25 0.5 0.75 0.5 0.25 0.75 0.0 0.75 0.25;30 57
8;0.0 1.0 0.75 0.25 0.75 0.75 0.25 0.25 0.75 0.5 1.5 0.5 0.5 0.25 0.75 0.5 0.25 0.75 1.25 1.0 1.5 0.0 0.5 0.25 0.0 0.0 0.5 1.25 1.25 0.0 0.75 0.25 0.75 0.0 0.5 1.25 1.25 0.25 0.25 0.5 0.0 0.5 0.25 0.0 0.75 1.25 0.5 0.75 0.75 0.75 1.25 1.5 0.5 1.25 1.5 0.25 0.75 0.0 0.5 1.0 1.25 1.25 0.0 1.0;10 18 20 27 35 36 51 54
3;1.5 0.25 1.0 0.25 1.5;0 2 4
8;0.0 1.75 1.75 0.0 0.25 0.75 0.25 1.75 1.25 1.75 0.0 1.5 0.0 0.25 1.5 1.5 1.75 1.5 1.0 1.0 1.75 1.75 2.0 0.75 1.75 1.5 2.0 0.25 1.75 1.75 1.5 0.0 0.75 1.0 0.5 0.75 1.5 1.25 1.5 1.5 0.0 0.5 1.5 2.0 0.75 1.75 1.25 1.0 1.75 1.0 0.25 1.25 1.0 1.75 1.75 0.75 0.75 0.75 1.75 1.0 0.75 1.5 1.5 0.75;16 20 21 22 24 26 43 54
8;-0.125 0.25 -1.125 2.875 1.875 1.25 1.25 0.5 -0.875 -1.0 0.125 1.25 0.375 -1.625 -2.75 -0.25 0.625 0.125 0.625 -0.875 -1.5 -2.25 0.5 -0.5 2.25 -2.25 -3.75 -0.375 -0.5 0.25 2.5 -1.625 2.125 2.75 -2.375 -0.625 -1.375 -1.625 -1.75 -0.625 -1.25 -2.375 0.875 1.125 1.125 3.5 0.875 1.375 1.625 0.625 1.375 0.75 1.875 0.375 1.625 -2.875 1.375 -0.5 -0.375 -1.625 1.5 0.0 -0.625 -0.25;3 4 24 30 32 33 45 52
8;1.0 0.0 0.75 1.75 1.75 1.0 1.5 0.5 0.5 1.0 1.25 0.0 0.0 1.0 1.75 0.25 2.0 1.0 2.0 0.0 1.75 2.0 0.5 1.5 1.25 1.25 0.0 1.0 0.75 1.75 1.0 1.0 0.0 0.5 1.25 0.5 0.25 1.5 0.0 1.75 1.5 0.75 2.0 1.5 1.25 0.75 1.25 0.25 0.0 1.0 1.75 0.0 2.0 1.75 1.5 0.25 0.75 1.75 1.25 0.0 1.0 1.75 0.25 1.5;3 16 18 21 29 42 50 52
8;1.875 1.0 1.125 0.875 1.75 1.25 1.125 -1.0 -1.25 1.875 -1.5 -0.75 2.375 -2.625 -1.25 -2.375 -0.75 1.125 -3.125 -0.125 1.375 2.875 3.125 -0.125 0.25 0.0 1.125 -1.5 2.875 -1.375 -0.75 1.0 0.25 0.125 0.625 -2.5 0.875 -1.5 1.0 -2.125 -1.5 -2.625 2.25 1.875 1.375 -0.875 0.375 1.0 -0.625 0.875 0.75 -0.375 0.875 -1.625 0.25 0.125 0.375 2.875 0.875 -2.125 -1.75 2.375 -0.25 1.25;12 21 22 28 42 43 57 61
2;1.0 0.0 0.0 0.0 0.0 1.0 0.0 0.0;0 5
8;-0.625 1.375 1.5 -0.125 -0.5 -0.875 0.875 2.75 -1.375 -0.75 0.0 0.25 2.625 1.5 2.375 -1.75 -0.375 -1.625 -2.125 1.125 0.25 0.75 -0.875 0.5 -0.25 1.375 1.25 -0.25 2.5 0.625 -0.75 -2.375 1.75 0.625 0.125 0.5 0.75 -1.625 -1.625 -1.125 1.0 0.125 0.125 -0.625 1.25 -2.375 -1.0 0.125 0.875 2.875 3.25 2.25 0.25 0.125 -0.625 -1.375 0.875 3.5 1.5 -2.125 1.0 0.0 0.625 -1.0;7 12 14 28 49 50 51 57
8;1.5 0.5 0.0 0.75 0.5 1.25 2.0 2.0 0.75 0.5 1.75 0.25 1.5 0.75 0.75 0.5 2.0 1.25 0.25 0.0 0.0 0.5 1.0 0.5 1.0 1.0 0.5 0.25 1.0 0.75 0.25 0.75 1.25 1.75 1.75 0.5 0.25 0.0 2.0 0.75 1.25 1.75 1.5 0.25 1.25 0.75 0.0 1.25 1.25 0.5 0.25 0.25 0.25 0.25 1.5 2.0 1.75 0.5 2.0 1.25 1.0 0.0 0.25 1.25;6 7 16 34 38 55 56 58
4;0.25 0.0 0.0 0.0 0.0 0.0 0.25 0.25 0.25 0.25 0.25 0.25 0.0 0.25 0.25 0.0 0.0 0.25 0.0 0.0 0.25 0.0 0.25 0.0 0.0 0.0 0.25 0.0 0.0 0.25 0.25 0.25 0.0 0.0 0.25 0.0 0.25 0.0 0.0 0.25 0.0 0.25 0.0 0.0 0.0 0.25 0.25 0.0 0.0 0.0 0.0 0.25 0.25 0.25 0.0 0.0 0.0 0.25 0.0 0.25 0.25 0.25 0.0 0.25 0.0 0.25 0.25 0.25 0.0 0.25 0.0 0.0 0.25 0.25 0.25 0.0 0.0 0.0 0.0 0.0 0.0 0.25 0.25 0.0 0.0 0.25 0.0 0.0 0.0 0.25 0.0 0.25 0.0 0.0 0.0 0.25 0.0 0.25 0.0 0.25 0.0 0.0 0.25 0.25 0.25 0.0 0.25 0.25 0.0 0.0 0.0 0.0 0.0 0.0 0.0 0.0 0.0 0.25 0.25 0.25 0.0 0.0 0.25 0.25 0.0 0.25 0.0 0.25 0.25 0.0 0.0 0.0 0.25 0.25 0.25 0.25 0.25 0.25 0.0 0.25 0.25 0.25 0.25 0.0 0.0 0.0 0.0 0.25 0.25 0.0 0.25 0.25 0.25 0.25 0.0 0.0 0.0 0.0 0.0 0.0 0.25 0.25 0.25 0.0 0.25 0.0 0.25 0.25 0.0 0.25 0.25 0.25 0.0 0.25 0.25 0.0 0.25 0.0 0.25 0.0 0.0 0.25 0.25 0.25 0.0 0.0 0.0 0.25 0.0 0.25 0.25 0.0 0.0 0.0 0.0 0.25 0.25 0.0 0.0 0.25 0.0 0.25 0.25 0.25 0.25 0.0 0.25 0.25 0.25 0.0 0.0 0.0 0.0 0.25 0.0 0.25 0.0 0.25 0.25 0.25 0.25 0.0 0.25 0.0 0.25 0.25 0.0 0.25 0.0 0.0 0.0 0.25 0.25 0.25 0.0 0.25 0.25 0.0 0.0 0.25 0.25 0.25 0.0 0.25 0.0 0.25 0.25 0.25 0.25 0.0 0.0 0.25 0.25 0.0 0.0 0.0;0 6 7 8
1;-1.625 -0.25 -2.25 -1.75 1.5 0.125 1.75 -0.625 1.625 2.5 -1.875 1.0 1.875 -1.125 -0.375 -1.375 -0.25 1.25 2.25 0.625 -2.125 1.25 1.375 1.75 -1.0 -1.5 -0.875 -2.5 -2.25 1.25 2.75 -0.75 -0.75 1.25 0.5 -0.875 -1.375 0.25 0.0 1.125 1.375 -1.75 2.5 1.375 0.75 0.625 1.0 -0.125 1.5 0.25 2.875 0.5 2.625 1.5 -2.375 -1.5 -1.25 -1.0 -1.875 -0.375 -1.375 2.5 -0.375 -3.0 1.625 1.25 0.25 -0.375 2.0 1.125 -1.375 -0.125 0.875 0.5 2.375 -1.125 1.0 0.5 -1.25 -2.125 -1.0 2.125 -1.25 -0.5 -2.5 3.0 -1.375 0.125 -1.0 0.25 4.5 -1.0 -0.375 0.5 -1.5 -2.0 1.5 -0.5 -1.875 1.5 0.5 0.875 0.75 1.75 -0.75 -0.5 1.25 -1.875 1.5 1.25 1.25 -0.125 -0.75 2.0 -0.875 1.5 0.75 0.125 -0.75 2.25 0.125 1.0 -0.625 1.625 0.25 0.125 -1.125 1.625 -1.125 1.875 0.375 0.5 -0.375 -1.25 -0.5 -1.125 2.25 -1.0 3.375 1.5 -0.25 -3.125 0.25 1.5 -0.25 -2.25 1.625 -1.125 -0.125 -1.25 -0.125 0.0 2.25 -0.375 -1.125 0.0 0.125 -0.625 1.125 -0.375 -0.5 1.75 1.25 -0.25 1.375 -0.25 1.875 0.125 0.125 0.25 0.375 -1.5 0.875 -0.25 -0.125 0.0 -0.75 2.25 1.75 -3.0 0.375 -1.5 -1.5 1.5 -1.75 -2.5 0.0 2.625 0.875 -1.875 0.25 -0.375 -1.5 -3.875 -1.375 -2.0 -2.375 1.375 -0.375 -2.25 1.0 0.5 0.125 -1.75 0.375 -1.5 -1.375 -0.625 -0.375 1.375 0.25 -1.75 1.125 -1.375 -0.5 -1.0 1.625 2.0 -1.0 1.25 0.625 0.375 1.125 0.625 0.5 -1.375 -0.125 -2.75 -0.875 -2.5 -2.125 -0.25 1.5 -1.125 -1.0 -0.375 2.375 0.75 -0.25 1.125 -0.375 1.75 -0.5 -0.25 -4.25 1.0 2.25 0.0 -1.375 1.125 -0.125 1.375 -3.625 -0.5 -2.0 0.625;90
1;1.0 0.25 0.5 1.5 0.0 1.0 0.0 0.25 1.25 1.5 0.25 0.75 0.0 1.0 0.25 0.75 0.25 1.5 0.5 1.5 0.25 1.5 1.25 0.25 1.0 1.5 1.0 1.25 1.0 0.75 1.5 1.25 1.25 1.0 0.75 0.75 0.0 0.25 1.25 1.5 0.75 0.5 0.25 1.25 0.75 0.0 0.5 0.75 1.5 0.5 0.5 0.5 0.0 1.0 0.0 1.0 1.25 0.5 0.0 0.75 0.25 1.0 1.5 0.25 1.0 1.5 0.25 0.25 1.0 0.0 0.0 0.25 0.0 0.75 1.5 0.0 1.5 1.0 0.0 1.5 1.25 0.5 0.75 1.5 0.5 1.5 1.25 0.75 1.5 0.0 1.0 0.75 1.25 0.75 1.0 0.25 0.0 0.5 1.0 1.25 1.25 1.0 0.5 0.0 1.0 1.5 0.25 0.5 1.25 0.25 0.25 0.0 0.5 0.0 0.5 0.5 0.0 1.0 0.75 1.25 1.25 0.25 0.5 1.0 0.25 1.0 1.25 0.5 0.75 0.25 0.0 0.25 0.0 1.5 0.25 0.75 1.25 1.5 0.75 1.0 0.25 0.75 0.25 0.75 0.0 0.0 0.0 0.75 0.75 1.25 1.25 1.5 1.5 0.5 0.5 0.75 1.5 0.5 0.0 0.25 1.25 0.25 1.0 0.25 0.5 1.25 0.75 1.0 0.0 1.0 0.0 0.75 0.25 1.5 0.75 0.25 0.0 1.0 0.5 1.5 0.0 1.5 0.5 1.5 0.5 0.5 1.0 1.25 1.25 0.75 0.0 1.25 1.0 0.0 1.25 1.5 1.25 0.25 1.25 0.25 1.5 1.25 1.25 0.25 0.25 0.25 1.25 0.5 0.5 0.75 0.5 0.0 0.5 0.5 0.25 1.25 0.5 0.5 0.25 0.5 0.25 0.0 1.5 0.25 0.0 0.0 1.25 0.5 1.25 0.0 0.25 1.0 0.5 0.25 0.25 1.25 0.0 1.5 0.5 0.5 0.5 1.5 0.75 0.5 0.25 1.5 1.25 0.25 1.25 1.0 0.25 0.25 1.25 1.25 1.25 0.25;3
2;0.5 0.0 0.0 0.25 0.25 0.25 0.25 0.25 0.5 0.0 0.75 0.25 0.0 0.5 0.75 0.5 0.25 0.25 0.0 0.25 0.5 0.0 0.5 0.5 0.5 0.75 0.0 0.5 0.5 0.5 0.25 0.25 0.25 0.0 0.5 0.0 0.75 0.5 0.5 0.0 0.25 0.25 0.0 0.75 0.75 0.5 0.25 0.75 0.5 0.75 0.0 0.5 0.75 0.0 0.75 0.5 0.0 0.5 0.0 0.5 0.75 0.0 0.75 0.5;10 14
16;0.0 1.25 0.75 0.25 0.5 0.25 0.0 1.5 0.75 1.5 0.0 1.5 0.75 0.5 1.0 0.0 0.0 1.5 1.5 0.5 0.0 1.25 1.5 0.75 0.0 0.25 0.0 0.25 0.25 0.0 0.0 0.0 0.5 0.5 0.5 1.0 1.5 0.5 1.5 0.5 1.25 1.0 1.5 1.0 1.25 0.75 0.0 1.0 0.0 0.75 0.5 0.75 0.25 0.25 0.0 1.5 1.0 0.75 1.0 0.5 0.25 0.25 1.0 1.25;1 7 9 11 17 18 21 22 35 36 38 40 42 44 55 63
2;0.5 0.25 0.75 0.0 0.5 0.0 0.0 0.75;2 7
8;2.75 0.625 0.0 -2.625 -1.125 -0.25 0.75 0.125 2.125 0.375 -0.5 3.625 -1.75 1.125 -0.125 2.125 3.0 -0.75 -0.875 0.875 2.25 0.375 -1.5 1.5 -3.125 -1.0 0.75 -3.0 -0.75 2.5 1.0 -0.375 -2.375 0.0 1.25 2.875 0.375 5.0 -2.5 1.125 -0.125 -0.75 -1.25 -1.75 0.0 1.75 -0.125 1.25 -1.0 -1.5 0.0 0.375 3.625 -0.125 1.875 2.5 0.375 -1.0 -0.5 0.25 -2.375 -1.25 -1.75 -2.375;0 11 16 29 35 37 52 55
2;0.5 0.25 0.25 0.25 0.5 0.25 0.0 0.25;0 4
8;0.0 0.75 0.25 0.5 0.75 0.25 0.0 0.75 0.0 0.0 0.0 0.25 0.75 0.25 0.75 0.0 0.25 0.0 0.5 0.75 0.0 0.75 0.75 0.5 0.0 0.5 0.5 0.25 0.75 0.25 0.5 0.5 0.25 0.75 0.5 0.0 0.75 0.25 0.0 0.5 0.5 0.75 0.75 0.0 0.25 0.75 0.5 0.75 0.25 0.25 0.0 0.0 0.25 0.25 0.5 0.5 0.0 0.0 0.25 0.25 0.25 0.5 0.5 0.25;14 19 21 22 33 36 45 47
2;0.25 0.25 0.25 0.0;1 2
2;1.25 0.375 1.125 0.125;0 2
8;2.25 3.75 3.0 2.0 1.25 2.0 0.5 2.5 4.0 4.0 0.5 0.5 0.0 3.0 1.75 3.75 3.75 0.75 0.5 3.5 1.0 2.25 1.0 2.75 3.0 2.0 1.75 1.5 2.75 2.0 2.75 2.75 3.25 1.25 0.0 3.5 1.5 1.5 3.5 2.0 2.5 1.0 3.25 0.25 1.0 1.75 1.25 2.5 1.5 2.5 0.75 2.5 1.5 2.0 1.0 4.0 3.25 2.0 3.0 2.25 1.25 2.25 1.25 3.75;1 8 9 15 16 38 55 63
2;1.625 -1.5 -0.625 1.0 1.875 2.125 -2.125 0.625 0.75 0.0 -0.375 1.125 1.75 -0.625 -0.25 -0.5 1.75 1.125 0.375 0.25 0.125 0.125 -1.625 -2.0 0.0 -2.0 0.375 1.875 2.375 0.25 0.125 2.75 -1.25 -1.125 -1.875 1.0 1.0 -2.125 -0.625 0.625 -1.375 -0.75 -3.125 -1.625 -2.625 -0.875 2.125 1.625 0.75 0.5 0.625 2.25 0.5 -2.125 1.125 0.125 1.25 -1.25 -0.375 -0.25 -0.125 -2.375 -1.125 0.25;28 31
8;0.0 0.25 0.0 0.25 0.0 0.0 0.25 0.25 0.0 0.0 0.0 0.25 0.25 0.25 0.0 0.0 0.25 0.25 0.25 0.25 0.25 0.0 0.0 0.25 0.0 0.25 0.0 0.0 0.0 0.25 0.0 0.25 0.0 0.25 0.0 0.25 0.0 0.25 0.0 0.25 0.25 0.25 0.0 0.25 0.0 0.25 0.25 0.25 0.0 0.25 0.0 0.25 0.0 0.25 0.25 0.0 0.0 0.0 0.25 0.0 0.25 0.25 0.0 0.25;23 29 35 37 39 40 41 43
16;0.5 0.25 0.25 0.0 0.25 0.0 0.5 0.25 0.0 0.0 0.25 0.5 0.0 0.25 0.0 0.5 0.25 0.25 0.25 0.5 0.5 0.5 0.5 0.0 0.0 0.25 0.25 0.5 0.25 0.0 0.25 0.25 0.0 0.5 0.5 0.25 0.5 0.25 0.0 0.25 0.5 0.0 0.5 0.25 0.0 0.5 0.5 0.0 0.5 0.25 0.25 0.5 0.5 0.5 0.5 0.0 0.5 0.25 0.5 0.5 0.25 0.0 0.5 0.5;0 15 19 20 21 22 27 33 34 36 40 42 45 46 48 62
3;0.625 -0.875 3.125 -0.5 0.0;0 2 4
8;-1.125 0.5 -0.125 -1.125 -0.875 -1.125 -1.5 0.125 -0.5 2.375 -2.125 2.125 1.0 2.0 -1.625 0.125 1.25 -0.625 -1.125 1.625 -1.0 -2.125 -0.875 0.125 -1.375 0.375 0.625 -1.875 0.875 -0.25 0.875 -1.375 0.5 -0.5 -0.875 -2.375 -1.125 1.5 -2.75 0.5 1.5 -0.875 0.125 2.375 0.875 2.125 -2.125 2.25 -0.25 0.75 -0.375 -1.375 -0.875 -1.875 2.375 0.75 3.0 3.25 -3.25 0.0 -1.25 -0.75 -2.75 1.875;9 11 43 45 47 54 56 57
3;0.5 0.5 1.25 1.5 1.75;2 3 4
8;1.0 0.75 0.0 0.0 0.25 0.5 0.0 0.25 1.0 1.0 0.25 0.25 0.5 0.0 0.75 0.75 0.75 1.0 0.75 0.5 0.5 0.75 0.5 0.0 0.0 0.0 1.0 0.5 0.25 1.0 0.75 0.75 1.0 1.0 1.0 0.0 0.0 1.0 0.0 0.0 0.25 0.75 1.0 1.0 0.25 0.0 0.5 0.25 0.0 0.0 0.25 0.0 0.5 0.75 0.0 0.75 1.0 0.75 0.5 0.75 0.0 0.0 0.0 0.75;9 26 29 32 33 34 37 42
4;0.75 0.75 1.0 1.25 1.25 0.25 0.5 1.75 0.5 0.0 0.75 0.0 0.5 0.75 0.5 1.25 1.75 0.0 2.0 1.75 1.0 0.0 1.75 1.0 0.0 1.75 2.0 1.75 0.5 2.0 0.5 2.0 1.25 1.75 0.5 0.75 1.75 0.75 0.75 0.25 0.5 0.25 1.5 0.0 0.25 0.75 1.0 0.0 1.0 1.25 1.75 1.5 1.25 1.5 2.0 2.0 1.25 1.0 1.75 0.0 1.5 1.75 1.75 2.0 0.0 1.25 1.75 1.5 1.0 0.25 2.0 0.0 0.0 0.75 1.0 1.75 1.5 0.5 1.25 1.5 0.25 1.25 0.25 1.75 1.25 0.0 1.75 1.25 1.75 0.5 0.25 1.5 0.5 1.0 0.75 1.5 1.5 1.75 1.0 1.25 0.75 1.75 0.0 2.0 1.5 1.75 0.5 2.0 0.5 0.0 1.0 1.75 0.5 2.0 0.25 1.75 1.75 1.5 0.0 0.75 1.75 0.5 1.0 1.5 0.75 1.75 1.5 1.75 0.75 1.75 2.0 1.25 0.75 0.0 1.0 0.5 1.75 1.75 0.5 0.0 0.5 0.5 1.5 1.0 0.25 0.0 0.75 1.25 0.25 1.75 0.0 1.0 0.75 1.25 1.25 1.5 2.0 0.75 2.0 0.5 0.0 2.0 0.0 0.25 0.25 0.5 1.25 0.0 0.0 1.5 1.25 0.75 0.0 2.0 0.5 2.0 0.0 2.0 2.0 1.5 1.0 0.5 0.25 0.25 1.25 0.5 1.5 0.75 1.25 0.5 0.75 0.25 2.0 0.0 1.5 2.0 1.0 0.0 1.75 0.75 1.75 1.0 0.5 0.0 1.5 0.25 1.75 1.5 1.5 1.75 1.25 0.5 1.25 0.0 1.5 0.25 1.75 1.5 1.0 0.25 0.25 1.25 1.75 1.75 1.5 0.75 0.25 0.25 1.25 1.25 0.25 0.5 1.5 0.5 1.0 1.5 1.25 0.75 0.75 2.0 1.75 1.25 0.5 0.5 0.0 1.75 1.75 1.75 1.75 0.5 2.0 2.0 1.0 0.5 0.0 1.5;18 26 29 31
8;0.25 0.25 0.25 0.25 0.0 0.5 0.0 0.0 0.5 0.0 0.0 0.25 0.5 0.25 0.0 0.25 0.0 0.25 0.5 0.0 0.25 0.25 0.0 0.0 0.0 0.0 0.5 0.0 0.5 0.5 0.0 0.0 0.0 0.0 0.0 0.0 0.5 0.25 0.25 0.0 0.25 0.5 0.25 0.25 0.0 0.0 0.5 0.25 0.5 0.25 0.5 0.25 0.0 0.0 0.5 0.5 0.5 0.25 0.0 0.0 0.5 0.5 0.25 0.5;12 18 26 28 41 46 48 50
8;0.25 1.875 2.0 -0.125 -0.25 -3.625 -1.5 0.625 -0.375 1.5 0.5 -0.125 -0.5 3.25 -1.25 -2.0 -1.625 -0.125 1.375 0.125 0.875 1.0 -0.125 0.25 -1.375 1.5 0.5 -1.125 -0.375 -2.375 -0.375 -1.25 1.5 -0.75 1.75 0.75 -0.625 -0.875 3.375 1.875 1.125 0.25 -0.75 -0.625 0.625 -0.375 3.625 2.75 -1.625 1.375 -1.5 0.375 1.0 0.125 -0.125 0.375 3.375 0.375 0.0 2.125 1.5 -1.25 0.125 1.25;1 2 13 38 46 47 56 59
8;0.0 0.5 0.75 0.25 0.5 0.25 0.5 0.75 0.75 0.75 0.75 0.5 0.25 0.5 0.0 0.25 0.5 0.0 0.75 0.0 0.0 0.5 0.75 0.0 0.0 0.5 0.5 0.75 0.0 0.5 0.25 0.25 0.5 0.25 0.75 0.0 0.5 0.0 0.25 0.75 0.5 0.5 0.5 0.5 0.0 0.5 0.5 0.0 0.5 0.5 0.25 0.0 0.25 0.25 0.0 0.25 0.25 0.25 0.25 0.75 0.75 0.75 0.5 0.75;9 10 18 22 27 34 39 63
1;1.0 0.0 0.0 0.25 0.25 0.5 0.25 0.0 0.75 0.0 0.75 0.5 0.75 0.5 0.5 1.0 0.5 1.0 0.0 0.5 1.0 0.75 1.0 0.0 0.5 1.0 1.0 0.25 0.75 0.5 0.75 0.75 1.0 0.25 0.25 0.5 0.75 0.5 0.0 0.75 0.0 1.0 0.0 0.0 0.0 0.25 0.0 1.0 0.25 0.0 0.0 0.5 0.0 0.5 0.25 0.25 0.75 0.0 0.75 0.5 0.5 0.75 0.0 0.5 0.25 0.25 0.25 0.25 0.75 1.0 0.5 0.75 0.5 0.5 0.5 0.75 1.0 0.75 0.0 1.0 0.5 0.75 0.25 1.0 0.75 0.25 0.0 1.0 0.5 0.25 1.0 0.75 0.0 0.5 0.0 1.0 0.75 0.0 0.75 0.25 0.0 0.5 1.0 0.75 0.5 0.5 0.0 0.75 1.0 0.25 0.0 0.0 0.25 0.5 1.0 0.0 0.25 1.0 1.0 0.0 0.0 0.0 0.25 0.5 1.0 0.25 0.5 1.0 1.0 0.5 0.0 0.0 1.0 0.5 0.75 0.25 1.0 1.0 0.5 0.75 0.0 0.25 0.0 0.0 1.0 0.75 0.5 1.0 0.75 0.25 0.5 0.5 0.5 0.75 0.5 1.0 0.5 0.75 0.5 0.0 0.25 0.5 0.5 0.5 1.0 0.75 1.0 0.25 0.5 0.25 0.5 0.5 0.75 0.25 0.25 0.0 0.5 0.75 0.5 0.5 0.25 0.0 0.25 0.0 1.0 1.0 1.0 1.0 1.0 0.75 0.0 0.25 0.0 0.0 0.25 0.0 0.75 0.0 0.5 1.0 0.75 1.0 1.0 1.0 0.0 0.25 1.0 0.75 1.0 0.5 0.0 0.25 0.5 0.0 0.0 0.75 0.5 0.0 0.5 0.0 0.0 0.0 0.75 0.5 1.0 1.0 0.25 0.5 0.5 0.0 1.0 0.5 0.0 0.25 0.5 1.0 0.25 0.5 0.75 0.5 0.5 0.0 0.5 0.5 0.5 0.75 0.75 0.25 0.25 0.5 0.5 1.0 1.0 0.25 0.5 0.0;0
8;0.5 0.75 0.5 0.25 0.25 0.25 0.25 0.5 0.75 0.75 0.0 0.0 0.5 0.25 0.0 0.0 0.5 0.25 0.75 0.0 0.75 0.5 0.25 0.5 0.75 0.0 0.5 0.5 0.75 0.75 0.75 0.0 0.75 0.25 0.0 0.25 0.0 0.75 0.5 0.25 0.75 0.75 0.0 0.5 0.25 0.0 0.0 0.25 0.5 0.25 0.75 0.0 0.5 0.5 0.0 0.25 0.5 0.5 0.5 0.0 0.75 0.5 0.25 0.25;18 20 24 28 29 30 32 41
1;-2.125 -0.125 0.75 -0.25 2.0 -0.5 -1.25 2.625 0.375 0.75 -0.25 -0.5 0.75 -2.0 -1.25 -1.5 0.0 -2.375 1.875 -0.625 -1.375 -0.25 0.0 3.25 -0.25 0.25 2.625 0.0 -0.75 -2.375 0.625 -0.25 -1.0 -1.375 -0.125 0.125 2.0 -0.875 0.5 0.375 1.5 0.125 1.375 0.875 0.5 0.875 -1.125 -0.5 2.125 -0.25 -1.375 0.25 1.5 -0.375 0.375 0.375 -2.75 1.375 0.375 -2.25 2.25 0.375 -0.5 2.0;23
8;0.5 0.0 0.75 0.0 0.0 0.0 0.0 0.75 0.25 0.25 0.25 0.75 0.5 0.5 0.25 0.5 0.0 0.25 0.25 0.75 0.5 0.5 0.75 0.5 0.25 0.75 0.5 0.0 0.5 0.25 0.5 0.75 0.0 0.25 0.0 0.75 0.25 0.75 0.25 0.75 0.75 0.0 0.0 0.0 0.75 0.25 0.75 0.0 0.75 0.0 0.75 0.5 0.5 0.75 0.0 0.75 0.0 0.5 0.5 0.0 0.5 0.0 0.25 0.5 0.25 0.25 0.5 0.25 0.75 0.5 0.25 0.75 0.5 0.5 0.0 0.0 0.75 0.0 0.0 0.5 0.25 0.5 0.0 0.5 0.25 0.5 0.0 0.0 0.5 0.75 0.0 0.5 0.25 0.25 0.75 0.75 0.5 0.25 0.25 0.25 0.5 0.75 0.25 0.25 0.0 0.25 0.75 0.25 0.75 0.5 0.0 0.75 0.25 0.75 0.75 0.25 0.5 0.75 0.25 0.5 0.0 0.0 0.75 0.75 0.0 0.0 0.0 0.0 0.75 0.75 0.25 0.0 0.5 0.25 0.25 0.0 0.25 0.75 0.75 0.75 0.5 0.0 0.0 0.5 0.0 0.5 0.5 0.0 0.5 0.5 0.0 0.0 0.5 0.5 0.5 0.5 0.0 0.25 0.0 0.0 0.75 0.25 0.0 0.25 0.25 0.5 0.25 0.5 0.25 0.75 0.25 0.0 0.0 0.0 0.25 0.5 0.75 0.5 0.5 0.25 0.75 0.75 0.0 0.75 0.75 0.25 0.0 0.0 0.0 0.5 0.25 0.0 0.25 0.0 0.0 0.25 0.0 0.5 0.0 0.75 0.25 0.25 0.75 0.0 0.0 0.25 0.25 0.5 0.25 0.5 0.75 0.75 0.25 0.25 0.75 0.75 0.0 0.75 0.75 0.75 0.75 0.5 0.0 0.5 0.75 0.5 0.25 0.0 0.25 0.75 0.5 0.0 0.0 0.75 0.25 0.5 0.5 0.25 0.75 0.5 0.0 0.5 0.5 0.25 0.0 0.25 0.75 0.25 0.75 0.25 0.5 0.0 0.75 0.0 0.25 0.25;53 55 108 111 113 218 219 220
2;0.125 0.875 0.25 -0.5 1.125 -1.375 -3.0 -0.875 0.5 1.5 2.75 0.0 -0.75 -0.375 -0.5 -2.125 0.125 -1.625 0.0 1.625 -0.25 0.375 -0.375 -0.375 -0.5 -0.875 1.125 0.375 -3.625 -2.625 -0.625 -3.125 -0.875 -0.125 -1.25 -1.0 -1.0 1.25 -1.25 -1.25 0.125 -0.125 -4.125 2.875 2.625 -0.625 -2.0 -0.25 0.5 2.875 0.0 0.375 1.5 -0.375 1.625 -0.125 0.125 -2.875 2.5 0.875 -1.25 -0.125 0.0 1.375;43 49
8;3.0 -0.25 -2.375 -2.125 0.0 -0.875 0.125 -0.375 -0.125 0.5 2.25 2.375 -0.375 0.125 -0.25 2.25 1.25 1.5 0.625 -0.875 -3.125 -0.875 0.75 -0.875 0.125 2.25 1.625 -1.625 1.125 3.0 0.625 -2.125 0.75 0.125 -1.0 0.625 1.0 -2.375 -1.125 -0.625 -0.75 1.0 3.375 -0.875 0.75 -2.625 1.375 -1.375 -0.5 -1.25 0.0 0.5 1.25 -1.5 -0.25 -0.5 -0.5 1.25 -1.375 1.0 0.125 -1.25 -0.5 0.0;0 10 11 15 25 26 29 42
8;0.25 0.5 0.5 0.5 0.0 0.75 0.75 0.25 0.0 0.0 0.25 0.5 0.0 0.0 0.75 0.25 0.25 0.5 0.0 0.75 0.75 0.75 0.75 0.25 0.25 0.75 0.5 0.0 0.75 0.0 0.25 0.25 0.0 0.75 0.75 0.5 0.0 0.75 0.25 0.25 0.0 0.5 0.5 0.75 0.25 0.25 0.75 0.5 0.75 0.75 0.75 0.5 0.0 0.5 0.25 0.25 0.75 0.25 0.0 0.5 0.25 0.75 0.75 0.75;19 20 21 22 28 34 43 46
2;0.5 0.75 1.0 0.0 0.75 0.0 0.5 1.0 0.75 0.5 0.0 1.0 0.25 0.5 0.0 1.0 0.0 1.0 0.75 0.0 0.25 0.75 0.25 0.75 0.25 0.75 0.5 0.5 0.0 0.5 1.0 0.5 0.5 0.5 0.0 1.0 0.75 0.5 0.5 1.0 1.0 0.0 0.25 1.0 0.5 0.25 0.5 1.0 0.5 1.0 0.5 0.5 0.25 0.25 0.0 0.5 0.25 0.25 0.75 1.0 0.25 0.25 0.0 0.5 0.0 1.0 0.75 0.5 0.5 0.25 0.25 0.25 0.0 0.5 0.5 0.25 0.75 0.25 0.0 1.0 0.25 0.0 0.5 0.0 0.25 0.75 0.75 0.25 0.0 0.75 0.25 0.5 0.75 0.75 0.0 0.5 0.75 0.75 0.25 0.5 1.0 0.75 0.25 0.25 0.0 0.25 0.25 0.0 1.0 0.75 0.5 0.75 0.0 0.0 1.0 0.75 1.0 0.25 0.0 1.0 1.0 0.75 0.0 0.75 1.0 0.5 0.0 0.75;2 7
2;1.25 0.0 1.5 1.25;2 3
8;0.75 1.5 2.75 1.0 4.0 1.25 3.0 0.75 0.0 3.25 2.0 1.5 3.75 1.5 2.75 3.25 1.0 1.75 2.5 1.5 1.0 2.75 0.25 0.5 3.75 3.25 2.75 3.75 1.0 1.75 0.75 2.75 3.5 1.0 2.75 2.75 1.0 2.0 0.75 2.75 2.5 2.5 3.5 2.25 1.25 1.75 0.5 0.5 3.5 2.0 1.25 2.0 1.0 2.5 2.75 2.75 1.75 3.5 2.25 0.25 3.5 0.5 4.0 0.0;4 12 24 27 32 42 57 62
8;0.25 0.25 0.0 0.25 0.25 0.0 0.25 0.25 0.0 0.25 0.0 0.25 0.0 0.25 0.25 0.0 0.0 0.25 0.0 0.0 0.25 0.25 0.25 0.25 0.0 0.0 0.25 0.25 0.0 0.0 0.25 0.0 0.0 0.25 0.25 0.0 0.0 0.25 0.25 0.25 0.25 0.0 0.25 0.0 0.25 0.25 0.25 0.25 0.25 0.25 0.25 0.0 0.25 0.0 0.0 0.0 0.25 0.25 0.0 0.0 0.0 0.0 0.0 0.0;21 26 30 33 34 49 50 52
8;1.0 0.5 1.0 1.0 0.25 1.0 1.25 0.0 0.75 1.5 1.25 0.0 0.0 1.25 1.0 0.75 0.0 1.25 0.5 1.5 1.5 1.0 0.25 0.75 1.0 0.75 0.75 0.25 1.0 0.5 0.0 0.25 1.5 0.25 0.5 0.5 0.25 0.75 0.75 0.75 1.25 0.5 0.0 0.75 1.0 0.25 0.25 1.5 0.25 0.0 1.25 1.5 1.25 1.5 0.25 1.25 1.0 0.25 0.25 1.5 1.0 1.25 0.25 0.25 1.25 0.25 1.5 1.0 0.0 0.25 1.0 0.0 1.5 0.75 0.0 0.75 0.25 1.25 1.25 1.0 1.25 1.5 0.25 0.25 0.75 0.25 1.0 0.75 1.0 0.75 0.25 0.25 0.5 1.5 0.0 1.0 1.5 0.25 0.25 0.25 0.25 1.5 0.5 0.25 1.0 0.25 0.25 0.0 0.5 1.0 0.0 0.75 1.5 0.25 0.5 0.0 1.25 0.5 1.0 0.25 0.25 0.25 0.75 1.5 1.0 0.0 0.75 0.75 0.75 1.5 0.0 0.5 0.0 0.5 0.75 1.0 0.75 0.75 1.0 0.5 0.25 1.25 1.5 1.25 1.5 1.5 0.0 0.75 0.25 1.5 1.0 0.0 1.5 1.25 1.5 1.0 0.0 1.0 1.5 1.0 0.75 1.5 1.0 1.0 0.0 0.5 0.0 0.0 1.0 1.0 1.0 0.75 0.5 0.75 1.0 1.0 0.5 0.0 1.5 0.0 1.0 1.5 0.5 0.0 0.75 1.25 0.25 0.75 1.5 0.25 0.75 1.0 1.5 1.0 0.5 0.5 1.25 0.0 0.75 1.5 0.0 0.0 0.5 1.0 1.25 1.5 0.5 1.5 0.0 0.5 1.25 0.5 0.25 0.25 0.75 1.25 0.5 1.0 1.0 1.0 0.5 0.5 1.25 1.0 1.0 1.25 1.25 0.5 0.5 1.5 0.5 0.5 0.75 1.25 0.25 1.5 0.75 1.25 0.25 1.5 1.5 1.5 0.5 1.25 1.25 1.5 1.5 1.5 0.75 1.25 1.0 1.5 0.25 0.5 0.25 0.75;32 66 72 93 142 192 229 235
2;-2.25 -2.5 0.5 0.375 0.5 -1.625 0.625 -0.125;4 6
8;1.5 -0.5 -2.625 0.625 -1.125 -2.25 0.625 1.125 0.125 2.0 1.375 2.125 2.0 1.375 1.375 1.5 2.75 2.625 2.0 -2.875 -0.75 -2.0 0.125 -1.0 1.125 -0.125 0.625 0.5 -0.625 1.0 -2.375 0.25 -1.375 -0.375 1.875 0.25 -4.5 -1.125 1.25 0.25 2.375 -1.875 0.75 0.75 -0.875 0.625 0.75 1.375 -1.125 0.25 0.125 -0.625 0.75 -2.375 0.625 0.25 -1.875 -0.875 -1.25 -0.875 0.875 -1.5 1.75 0.875;9 11 12 16 17 18 34 40
3;1.0 0.0 0.25 0.5 0.25;0 3 4
4;1.0 0.5 1.0 0.25 1.0 1.0 0.0 0.5 1.0 0.75 0.75 0.0 0.25 0.0 0.5 0.75 0.25 0.25 0.0 0.0 0.5 0.25 0.25 0.5 0.75 0.25 0.25 0.5 0.25 0.5 0.75 0.25 1.0 0.5 0.25 0.75 0.75 0.0 0.75 0.25 0.75 0.5 0.25 0.5 0.5 0.75 0.0 0.0 0.5 0.75 0.0 0.0 0.0 0.75 1.0 0.25 0.0 0.25 0.75 0.25 1.0 1.0 0.75 0.0 0.5 0.0 0.5 1.0 0.0 0.0 0.5 1.0 0.75 0.25 0.25 0.5 1.0 0.75 1.0 0.0 0.5 0.5 0.0 0.25 0.0 1.0 0.25 0.75 1.0 0.25 0.75 0.0 0.75 0.75 0.0 0.0 0.0 0.25 1.0 1.0 0.5 1.0 0.5 0.0 0.25 0.5 0.5 0.0 0.25 0.5 0.75 0.75 0.25 0.75 0.75 1.0 0.25 0.0 0.25 0.0 0.25 0.0 1.0 0.5 0.5 0.75 0.5 0.0 0.0 0.0 0.5 0.5 0.25 0.0 0.25 0.5 1.0 0.75 1.0 0.75 1.0 0.75 1.0 1.0 0.0 0.0 0.0 0.75 0.75 0.0 0.0 1.0 0.0 0.75 0.0 0.25 1.0 1.0 0.25 0.75 0.5 1.0 0.75 0.75 0.0 0.75 0.0 0.5 0.0 0.0 0.25 0.25 0.5 1.0 1.0 0.25 0.0 0.75 0.5 0.5 0.75 0.0 0.0 0.0 0.5 0.75 1.0 1.0 0.75 0.25 0.75 0.25 0.25 0.0 0.5 0.25 0.25 0.5 0.0 0.75 0.25 1.0 0.75 0.25 0.25 0.75 0.5 0.0 0.5 0.0 0.25 1.0 0.75 0.0 0.25 0.25 0.25 1.0 0.75 0.5 0.25 0.25 1.0 1.0 0.5 0.5 0.5 0.25 0.0 1.0 0.5 0.25 1.0 0.5 0.75 0.25 1.0 0.0 0.75 0.25 0.0 0.25 0.25 0.25 1.0 1.0 0.75 1.0 0.0 0.5 0.0 0.0 0.5 0.0 1.0 0.25;0 2 4 5
8;0.0 0.75 0.5 0.75 0.75 0.25 0.75 0.75 0.5 0.75 0.5 0.5 0.0 0.75 0.0 0.25 0.5 0.0 0.25 0.5 0.25 0.25 0.5 0.5 0.25 0.0 0.0 0.25 0.25 0.75 0.5 0.25 0.0 0.0 0.5 0.5 0.75 0.75 0.0 0.0 0.5 0.5 0.75 0.5 0.0 0.75 0.75 0.75 0.75 0.75 0.0 0.5 0.5 0.5 0.5 0.5 0.5 0.25 0.75 0.25 0.5 0.75 0.75 0.25;13 29 37 42 47 48 49 58
8;0.75 -0.375 0.125 -0.375 1.375 -2.75 1.25 -1.75 -0.875 -0.875 0.75 0.125 -0.875 1.0 -0.625 1.75 2.875 0.5 -0.25 -0.875 1.25 1.75 -1.5 1.875 0.25 0.25 2.375 -1.875 -4.125 0.25 0.125 2.0 -3.125 0.0 -1.375 -2.375 0.75 1.375 -2.5 -2.5 -0.125 0.5 -3.375 -1.5 0.875 -2.0 2.75 0.75 -0.625 0.5 0.375 0.5 -1.0 2.5 -2.125 2.5 -3.0 -2.125 2.125 -1.25 -0.875 1.0 -1.625 -2.125;16 23 26 31 46 53 55 58
8;0.25 0.25 0.25 0.0 0.0 0.25 0.0 0.25 0.25 0.0 0.5 0.25 0.5 0.0 0.25 0.25 0.5 0.5 0.0 0.0 0.0 0.5 0.0 0.5 0.25 0.0 0.0 0.5 0.25 0.5 0.0 0.5 0.5 0.25 0.0 0.5 0.5 0.0 0.25 0.0 0.5 0.25 0.0 0.25 0.5 0.0 0.0 0.25 0.0 0.0 0.5 0.5 0.25 0.5 0.5 0.5 0.25 0.25 0.5 0.5 0.5 0.0 0.5 0.5;21 23 27 31 35 36 40 44
8;1.0 0.0 0.25 0.5 1.0 0.75 0.5 1.0 0.0 0.0 0.75 0.0 0.5 0.75 0.25 0.0 0.25 0.25 1.0 0.25 0.0 0.75 0.0 0.75 0.5 1.0 0.0 0.0 0.25 1.0 0.0 0.0 0.75 0.0 0.25 0.75 0.5 0.25 1.0 0.25 0.25 0.0 0.75 0.75 1.0 0.5 1.0 0.25 0.0 0.25 0.25 0.25 1.0 0.5 0.75 1.0 0.5 0.0 0.75 0.5 0.75 1.0 0.5 0.25;0 18 25 29 38 44 52 55
8;0.25 0.0 0.0 0.75 0.25 0.0 1.0 0.5 1.0 0.5 0.0 0.5 0.5 1.25 0.25 0.25 1.25 0.75 0.0 0.5 1.0 1.0 1.25 0.5 1.5 0.0 0.5 0.5 0.5 1.0 1.25 0.0 1.25 1.0 0.5 0.25 0.75 0.5 1.5 0.75 0.75 0.25 1.0 0.25 0.5 1.5 0.0 0.75 1.0 0.5 0.25 0.5 1.25 1.0 1.0 0.75 0.75 0.75 1.5 0.5 0.0 0.25 0.5 1.25;13 16 22 24 32 38 45 58
8;0.75 0.25 0.5 0.75 1.0 0.75 0.25 1.0 0.0 0.5 0.75 1.0 1.0 0.5 0.0 0.0 1.0 0.75 1.0 0.0 0.25 0.5 0.75 0.25 0.25 0.25 0.75 0.25 0.75 1.0 0.5 1.0 0.5 1.0 0.75 0.5 0.0 0.75 0.0 0.25 0.0 0.5 0.75 0.25 0.0 0.75 1.0 0.5 0.5 0.5 0.0 0.25 1.0 0.25 0.5 1.0 0.5 1.0 1.0 0.5 0.5 0.5 0.75 0.75 0.25 0.0 0.25 1.0 0.25 0.75 0.25 0.5 0.75 0.75 0.5 1.0 0.0 1.0 0.5 0.25 1.0 0.5 0.0 0.25 0.5 1.0 0.0 0.25 0.0 1.0 1.0 0.25 0.75 0.5 0.75 1.0 0.0 0.25 0.25 0.5 0.0 0.25 0.25 0.75 0.75 0.75 1.0 0.25 0.25 0.5 0.75 0.0 1.0 0.25 0.75 1.0 0.5 0.75 1.0 1.0 0.75 0.0 0.25 0.5 1.0 0.25 0.25 0.75 0.25 1.0 0.0 0.5 0.25 0.0 0.25 0.25 0.25 0.0 0.5 0.0 0.75 0.25 0.0 0.0 0.5 0.5 0.75 0.5 0.0 0.5 0.5 0.5 0.0 0.0 0.25 0.5 1.0 0.75 1.0 0.25 0.75 1.0 0.75 0.25 0.5 0.75 1.0 0.5 0.25 0.75 1.0 1.0 0.0 0.25 0.0 1.0 0.0 0.0 0.0 0.5 0.0 0.5 0.0 0.5 0.5 0.5 1.0 1.0 0.0 0.0 0.75 1.0 0.25 1.0 0.0 1.0 0.5 1.0 0.75 0.0 0.5 0.0 1.0 0.25 0.75 0.5 0.0 0.0 0.0 0.75 1.0 0.5 0.5 1.0 0.75 0.75 0.5 0.25 0.0 0.5 0.5 1.0 0.25 0.0 0.0 0.25 0.25 0.0 0.5 0.0 0.25 0.25 0.5 0.5 0.5 0.75 0.25 0.0 1.0 0.75 0.75 0.5 0.75 0.5 0.75 0.75 0.0 0.0 0.5 0.0 0.0 0.25 0.25 0.25 0.5 0.25;75 77 80 85 90 95 156 213
8;-0.125 1.75 -1.25 -2.875 0.25 -0.5 2.125 -0.25 1.0 1.25 0.125 1.625 0.75 1.375 -0.25 1.125 5.875 0.75 -1.5 0.875 -1.0 -0.375 0.625 0.5 -0.125 -0.5 -2.375 1.125 -1.375 -0.375 3.0 -0.125 -1.75 1.625 0.875 -1.875 -0.25 0.875 2.375 4.875 2.125 0.875 -1.875 -1.375 1.625 0.125 0.5 1.125 0.875 0.125 1.25 2.875 -1.75 0.375 1.375 0.5 2.5 0.0 -1.75 0.5 -2.25 0.125 -0.5 0.625;6 16 30 38 39 40 51 56
2;3.0 3.5 0.5 4.0 0.25 1.5 2.5 4.0;3 7
2;-1.5 1.375 4.75 -1.25 -0.875 -1.25 -0.625 -2.875;1 2
8;0.0 1.25 0.0 0.75 0.0 1.25 1.25 1.25 0.25 0.5 0.5 0.75 1.25 0.0 0.0 1.0 1.0 0.25 0.25 1.25 0.25 0.75 1.25 0.75 1.25 0.75 0.25 1.0 0.0 1.25 1.0 0.5 0.5 0.5 1.0 0.0 0.75 1.5 0.0 0.75 1.0 1.0 1.5 1.5 1.5 0.25 1.0 0.5 0.25 1.25 1.25 0.75 0.25 0.25 0.75 1.5 1.25 0.75 1.0 1.5 1.0 1.0 0.0 0.0;19 37 42 43 44 50 55 59
16;0.25 1.5 -1.25 -1.25 -0.75 3.375 1.125 -1.75 -0.375 -0.875 -2.125 0.25 1.0 -0.25 -0.75 -1.5 0.625 0.875 2.0 0.625 1.875 3.0 2.0 -1.75 -3.625 -1.375 1.0 -1.625 2.875 1.25 -0.25 0.0 0.75 -1.625 1.625 -0.75 -1.0 -0.125 3.625 -1.5 -0.375 -0.25 1.375 -1.875 0.375 -0.125 -0.375 2.125 1.375 -0.875 -0.25 -2.375 0.5 -2.375 -1.125 0.875 -0.75 2.25 -0.25 -2.25 -0.125 0.0 2.0 0.375;1 5 6 18 20 21 22 28 29 34 38 42 47 48 57 62
8;0.25 0.25 0.25 0.0 0.0 0.25 0.0 0.25 0.25 0.25 0.0 0.25 0.25 0.25 0.0 0.25 0.25 0.25 0.25 0.25 0.25 0.25 0.25 0.0 0.0 0.0 0.25 0.25 0.0 0.0 0.0 0.25 0.0 0.25 0.25 0.0 0.0 0.0 0.25 0.0 0.25 0.0 0.0 0.25 0.0 0.0 0.25 0.0 0.0 0.0 0.0 0.0 0.25 0.25 0.25 0.0 0.0 0.25 0.0 0.25 0.25 0.25 0.0 0.0;19 20 22 26 27 53 54 57
8;0.5 3.0 0.25 2.25 3.5 0.0 3.0 1.0 0.0 2.75 3.75 3.0 1.75 1.75 2.75 0.75 2.75 1.0 3.0 0.0 3.0 2.75 3.25 2.0 1.5 3.75 0.5 2.0 1.75 3.75 0.25 0.0 0.0 2.75 2.25 0.75 3.75 1.25 3.5 0.0 1.25 3.75 3.5 3.0 3.25 1.5 0.75 3.0 0.0 1.5 4.0 3.5 0.75 1.5 2.5 3.75 0.0 4.0 0.5 0.5 2.75 0.5 4.0 0.5;10 25 36 41 50 55 57 62
8;0.25 0.25 0.25 0.0 0.25 0.0 0.5 0.0 0.25 0.25 0.25 0.25 0.0 0.25 0.0 0.0 0.25 0.25 0.5 0.0 0.25 0.25 0.0 0.5 0.0 0.0 0.5 0.0 0.5 0.0 0.5 0.5 0.25 0.25 0.0 0.5 0.25 0.5 0.25 0.0 0.25 0.5 0.5 0.5 0.5 0.0 0.25 0.25 0.25 0.5 0.0 0.0 0.0 0.0 0.0 0.0 0.25 0.5 0.5 0.25 0.25 0.25 0.5 0.25 0.25 0.5 0.0 0.5 0.5 0.25 0.0 0.0 0.25 0.25 0.0 0.5 0.5 0.25 0.0 0.5 0.5 0.25 0.0 0.25 0.5 0.5 0.5 0.25 0.25 0.25 0.25 0.5 0.0 0.25 0.25 0.5 0.25 0.5 0.5 0.5 0.25 0.0 0.25 0.5 0.0 0.0 0.25 0.25 0.5 0.25 0.25 0.5 0.5 0.0 0.25 0.5 0.5 0.5 0.5 0.0 0.25 0.0 0.0 0.25 0.0 0.0 0.0 0.0 0.5 0.25 0.0 0.0 0.5 0.0 0.0 0.5 0.5 0.0 0.5 0.25 0.5 0.5 0.25 0.0 0.0 0.25 0.5 0.5 0.5 0.25 0.5 0.25 0.25 0.25 0.25 0.25 0.5 0.5 0.25 0.5 0.25 0.0 0.25 0.5 0.5 0.0 0.5 0.5 0.25 0.5 0.0 0.25 0.25 0.0 0.5 0.25 0.5 0.0 0.25 0.25 0.25 0.5 0.25 0.0 0.0 0.0 0.0 0.5 0.5 0.5 0.5 0.0 0.25 0.0 0.25 0.0 0.5 0.25 0.0 0.25 0.25 0.5 0.25 0.0 0.5 0.0 0.0 0.0 0.25 0.25 0.0 0.25 0.5 0.25 0.5 0.0 0.25 0.0 0.5 0.5 0.25 0.0 0.0 0.5 0.5 0.5 0.5 0.0 0.25 0.0 0.25 0.0 0.25 0.0 0.25 0.0 0.25 0.0 0.25 0.0 0.0 0.0 0.5 0.25 0.25 0.5 0.0 0.25 0.5 0.5 0.25 0.0 0.5 0.0 0.0 0.25;57 58 62 67 103 176 181 187
8;0.0 0.5 0.0 0.5 0.25 0.0 1.0 0.75 1.25 1.5 0.0 1.5 1.0 1.25 0.25 1.5 1.5 1.25 1.0 1.0 0.75 1.0 1.0 0.75 1.5 0.75 1.0 0.75 0.75 0.0 0.25 1.25 0.75 1.5 1.25 0.75 1.25 0.25 0.25 1.0 0.75 1.25 1.5 0.5 0.0 0.25 1.25 1.25 1.25 0.25 0.0 1.25 0.0 1.25 0.75 0.5 0.25 0.75 0.0 0.5 0.0 0.75 0.75 0.5;9 11 15 16 24 33 41 42
1;0.0 0.25 0.25 0.25 0.0 0.0 0.25 0.25 0.25 0.0 0.5 0.25 0.0 0.25 0.5 0.0 0.25 0.5 0.25 0.25 0.25 0.25 0.0 0.5 0.5 0.5 0.0 0.25 0.5 0.25 0.5 0.5 0.5 0.5 0.0 0.5 0.0 0.0 0.5 0.25 0.25 0.0 0.25 0.5 0.25 0.5 0.25 0.5 0.25 0.25 0.0 0.25 0.25 0.5 0.25 0.5 0.25 0.25 0.25 0.25 0.5 0.5 0.5 0.0;10
8;3.25 0.5 0.75 4.0 1.75 1.25 3.5 3.75 1.25 0.25 2.0 0.25 2.75 3.75 0.75 1.5 3.0 0.0 2.75 0.5 2.0 3.5 1.75 0.5 1.5 3.0 3.0 2.75 4.0 3.75 1.0 0.0 2.5 0.25 3.75 3.25 0.25 2.5 3.25 3.5 1.0 3.5 3.5 1.0 3.75 3.75 3.0 2.75 3.5 3.75 0.25 3.25 2.25 3.75 3.5 3.75 3.5 2.25 0.25 1.75 1.0 4.0 3.75 3.0;3 13 28 29 34 49 53 61
8;0.0 0.5 0.25 0.5 0.5 0.25 0.5 0.25 0.5 0.25 0.5 0.0 0.0 0.25 0.5 0.5 0.25 0.25 0.25 0.25 0.5 0.25 0.0 0.5 0.0 0.0 0.0 0.0 0.0 0.25 0.25 0.25 0.0 0.5 0.5 0.0 0.25 0.0 0.25 0.0 0.5 0.5 0.5 0.0 0.0 0.0 0.0 0.5 0.5 0.0 0.5 0.0 0.0 0.5 0.25 0.25 0.5 0.5 0.25 0.0 0.25 0.0 0.25 0.25 0.0 0.0 0.5 0.5 0.0 0.0 0.25 0.25 0.0 0.0 0.0 0.5 0.25 0.0 0.0 0.0 0.5 0.5 0.5 0.5 0.25 0.5 0.25 0.5 0.25 0.25 0.5 0.0 0.0 0.25 0.25 0.25 0.5 0.5 0.5 0.25 0.0 0.0 0.0 0.0 0.0 0.5 0.0 0.5 0.0 0.0 0.5 0.0 0.5 0.25 0.5 0.5 0.5 0.0 0.5 0.5 0.5 0.25 0.25 0.0 0.5 0.0 0.5 0.25 0.25 0.5 0.25 0.5 0.5 0.5 0.25 0.0 0.0 0.0 0.25 0.5 0.0 0.5 0.0 0.25 0.0 0.5 0.0 0.25 0.0 0.0 0.25 0.25 0.25 0.5 0.0 0.5 0.5 0.0 0.25 0.0 0.0 0.0 0.25 0.5 0.0 0.25 0.5 0.25 0.25 0.0 0.5 0.25 0.0 0.0 0.5 0.5 0.0 0.0 0.25 0.25 0.25 0.25 0.5 0.25 0.25 0.0 0.25 0.25 0.0 0.5 0.0 0.0 0.0 0.25 0.25 0.25 0.5 0.5 0.0 0.0 0.5 0.5 0.5 0.25 0.25 0.25 0.0 0.5 0.25 0.5 0.0 0.0 0.25 0.5 0.25 0.0 0.25 0.25 0.0 0.5 0.0 0.5 0.25 0.25 0.25 0.25 0.25 0.25 0.25 0.0 0.5 0.0 0.5 0.0 0.0 0.25 0.25 0.25 0.5 0.25 0.5 0.0 0.25 0.25 0.5 0.0 0.5 0.25 0.5 0.0 0.5 0.5 0.25 0.25 0.5 0.0;80 81 82 83 85 87 90 182
16;1.25 1.75 0.75 1.5 0.0 1.0 1.0 1.25 0.75 0.5 1.0 1.75 1.25 1.75 0.75 0.25 1.75 0.25 1.5 0.5 0.25 2.0 2.0 1.75 0.75 0.25 1.25 2.0 1.25 0.75 2.0 0.5 0.25 1.75 1.0 0.75 1.25 0.75 1.75 1.0 1.25 0.25 1.25 1.25 0.25 0.0 0.5 0.5 1.5 0.25 1.25 0.0 1.5 1.25 1.25 0.0 0.5 0.25 1.75 0.0 0.5 0.25 1.0 1.0;1 3 11 13 16 18 21 22 23 27 30 33 38 48 52 58
8;1.5 0.75 0.75 0.0 1.5 1.75 2.0 2.0 1.0 1.5 1.5 1.25 1.25 1.0 1.75 1.0 0.5 1.0 2.0 1.25 1.75 2.0 1.25 0.75 1.75 0.25 1.5 1.0 0.0 1.0 2.0 0.5 1.5 0.0 1.5 0.25 0.0 1.5 1.75 2.0 0.0 0.75 0.75 0.5 1.0 1.75 1.75 0.0 2.0 1.5 1.5 1.25 0.5 1.5 0.0 0.25 0.25 0.25 1.0 0.25 0.75 0.0 1.0 0.5;6 7 18 21 24 30 39 48
1;2.125 0.5 0.0 1.625 -1.125 2.25 2.125 1.5 -2.375 0.75 0.5 0.125 -1.625 2.0 1.125 1.25 -0.75 0.0 1.375 -0.5 -1.75 1.5 3.75 -1.125 -0.875 0.75 -3.125 0.75 -1.25 1.75 -0.625 1.5 0.75 0.5 1.75 -0.25 0.5 0.25 0.875 1.25 -0.375 -1.375 0.125 -0.75 -0.625 -1.25 0.625 1.5 -1.75 1.0 -0.625 0.0 -0.125 -0.5 -0.75 -0.375 4.0 1.75 1.875 -0.25 0.375 1.25 1.75 1.5 -2.625 -0.25 -1.125 -1.25 -2.375 -0.25 -2.75 -3.375 0.375 -1.375 -2.625 0.125 0.0 1.75 0.625 0.875 -0.625 1.5 2.125 -1.75 -0.75 -2.0 -0.625 2.125 -0.25 2.0 0.5 -2.25 0.125 0.25 1.375 -3.25 2.125 -0.125 -0.125 2.875 3.5 0.125 0.375 -2.875 -2.0 0.125 -0.375 1.75 -0.125 -0.875 -4.125 2.5 -0.125 0.5 -0.375 0.25 -2.125 0.0 1.75 -0.5 -0.625 1.0 -1.125 -0.5 -0.625 -1.5 2.0 1.625 1.5 1.875 -1.875 0.75 1.375 -0.75 1.75 -0.25 0.875 -1.625 -0.5 -2.625 0.125 1.5 -0.75 -0.5 -2.75 -3.25 1.0 -2.75 0.625 -1.125 -0.25 2.25 0.0 0.25 -0.75 3.0 2.25 1.375 1.5 -0.75 -0.25 1.25 0.75 -0.75 1.875 -1.75 1.375 -0.625 -1.25 -0.125 -0.25 -1.875 -0.375 0.625 -2.875 -0.5 4.5 0.375 -0.75 -0.5 -2.375 3.125 -1.625 -2.125 -0.875 -0.375 0.75 0.625 1.375 -0.125 1.25 1.625 -0.625 -1.25 1.125 0.5 0.125 2.125 -0.875 0.125 1.375 -1.5 -1.25 0.5 2.25 0.5 0.125 1.875 -0.625 0.75 -2.0 -0.75 1.125 -3.125 0.125 -0.75 -1.5 1.75 -0.5 -1.0 -3.125 1.125 1.625 0.5 1.5 1.375 0.0 1.5 -0.5 2.625 -3.75 2.5 0.375 -0.25 0.0 2.625 0.25 -0.75 0.875 -0.375 3.125 1.0 0.0 -0.625 -1.375 0.125 1.0 -0.25 -0.125 0.375 0.75 3.25 -1.0 0.0 0.75 0.125;176
2;0.5 0.0 0.75 0.0 0.25 0.75 0.0 0.0;2 5
1;0.75 1.0 0.25 1.0 0.5 0.5 0.0 0.0 0.75 0.75 0.25 0.0 0.0 1.0 0.0 1.0 1.0 1.0 0.5 0.25 0.25 0.5 0.5 0.25 0.0 0.25 1.0 0.75 1.0 0.5 0.25 0.5 1.0 0.5 0.5 0.5 0.5 0.25 0.75 0.75 1.0 0.0 0.75 0.0 1.0 0.5 0.0 1.0 0.25 1.0 0.25 0.0 1.0 0.75 1.0 0.25 0.5 0.25 1.0 0.5 0.0 0.5 0.5 0.0 0.25 0.25 0.5 0.25 1.0 1.0 0.5 0.5 0.75 1.0 0.0 0.5 1.0 0.75 0.25 1.0 0.75 0.5 0.0 0.5 1.0 0.75 0.5 0.5 0.75 0.25 0.0 1.0 0.75 0.75 0.75 1.0 0.75 0.5 0.0 0.75 1.0 0.25 0.75 0.0 0.0 0.75 1.0 0.75 0.25 0.0 0.0 0.25 0.5 0.25 0.5 0.5 0.5 0.5 0.75 0.75 0.25 0.75 1.0 1.0 0.0 0.75 0.0 0.25 0.75 0.75 0.0 0.25 0.25 1.0 0.25 1.0 0.0 0.0 0.75 0.5 0.25 0.0 0.25 0.25 1.0 0.25 1.0 0.75 0.0 0.5 1.0 0.25 1.0 1.0 0.75 0.0 1.0 0.25 0.75 0.5 1.0 0.75 0.5 0.0 1.0 1.0 0.5 1.0 0.25 0.0 0.0 0.75 0.5 0.5 0.25 0.5 0.0 0.75 0.25 0.75 0.5 1.0 0.25 0.0 1.0 0.25 0.0 0.0 0.0 0.5 0.75 0.75 1.0 0.75 0.0 0.0 1.0 0.25 0.5 0.75 0.75 1.0 0.0 0.0 0.0 0.75 0.0 0.0 0.0 0.25 0.25 0.25 0.0 0.5 0.75 0.25 0.25 1.0 0.25 0.5 0.0 0.0 0.0 0.0 0.0 1.0 0.25 0.0 1.0 0.25 0.5 1.0 0.0 0.5 0.5 0.25 0.5 0.0 1.0 0.25 0.0 0.5 0.0 0.0 0.75 0.5 0.25 1.0 1.0 0.25 1.0 0.75 0.5 0.0 0.25 0.75;1
1;3.75 4.0 3.0 2.25 0.5 1.25 3.75 0.0 1.0 3.25 1.0 3.75 3.0 0.5 0.5 0.0 2.25 1.5 2.75 0.0 3.75 0.0 2.25 3.0 1.5 1.25 0.75 0.25 2.0 2.75 2.0 1.0 2.0 0.5 4.0 1.75 0.75 3.25 2.25 0.75 2.0 0.0 0.75 0.75 2.5 3.5 2.25 2.0 0.0 3.5 3.25 2.0 3.25 4.0 3.0 0.75 2.5 1.25 2.25 0.5 3.75 2.25 3.25 2.25 1.5 0.5 2.75 0.0 2.5 3.75 2.0 3.0 3.75 1.75 2.0 1.0 1.5 3.75 4.0 1.25 2.5 0.5 3.75 0.75 1.0 3.5 1.75 0.25 0.25 3.0 3.25 1.0 3.75 4.0 0.25 0.25 0.75 2.0 2.25 2.25 4.0 0.75 1.25 0.5 1.75 3.0 0.25 3.75 2.0 3.75 0.25 2.5 3.75 1.0 4.0 1.0 0.25 3.75 2.25 2.0 1.0 1.0 1.0 2.0 0.25 1.25 0.5 1.25 4.0 2.25 3.25 0.75 3.5 2.0 2.75 0.75 3.0 3.75 2.5 4.0 1.75 3.75 0.5 1.5 3.0 0.5 2.25 1.0 1.25 1.75 1.0 1.5 2.5 2.5 0.5 0.5 3.0 1.75 4.0 1.5 3.5 1.5 0.5 3.25 4.0 1.5 1.0 3.25 0.25 0.75 3.75 1.0 1.5 2.5 2.75 0.75 2.0 1.75 4.0 3.0 3.0 4.0 1.75 1.25 3.0 1.75 1.75 3.5 2.0 3.5 0.75 1.25 2.25 2.75 1.25 0.25 3.75 3.5 3.5 3.0 1.5 4.0 1.5 3.0 1.5 2.75 3.5 0.0 2.5 3.75 1.5 2.0 0.75 1.75 1.75 4.0 2.5 2.25 0.25 1.0 3.0 2.5 0.0 2.75 1.25 3.75 3.0 1.25 2.75 3.25 0.5 3.5 1.75 2.25 2.5 0.25 2.5 0.5 2.75 2.25 2.25 2.25 0.0 1.25 0.0 0.5 1.0 3.0 4.0 0.5 0.5 4.0 2.5 1.5 2.5 1.25;1
3;0.5 0.5 1.75 1.25 0.0;1 2 3
8;0.5 1.5 3.375 1.875 1.5 -2.375 0.125 1.875 2.375 -2.625 -0.375 -1.5 1.0 0.0 -1.625 -1.875 -0.25 1.25 2.625 -0.125 0.125 -0.875 1.25 0.875 -2.625 -0.625 -2.625 0.625 2.125 0.625 -2.0 -1.0 3.5 0.625 0.25 -0.375 -0.375 0.25 -0.625 -0.25 -1.25 2.125 -2.125 1.625 1.5 -4.25 -4.375 -1.25 3.0 -0.5 0.125 0.5 -0.625 -2.0 -2.625 0.125 -0.875 -1.125 -2.25 -1.5 0.0 0.875 -3.5 2.25;2 8 18 28 32 41 48 63
8;0.75 2.0 1.5 1.75 0.75 2.0 2.0 0.75 0.25 1.0 0.75 2.0 0.5 0.75 0.0 0.75 1.75 1.5 1.25 0.5 1.0 1.5 0.5 0.5 0.25 1.0 1.25 0.0 0.25 1.25 0.75 0.0 0.5 1.5 0.0 1.5 1.5 0.25 0.5 0.0 1.5 2.0 0.75 1.5 1.5 2.0 0.0 0.0 1.25 1.25 1.25 0.0 0.75 0.5 0.0 0.75 1.25 0.25 1.0 0.5 0.25 1.5 1.25 1.75 0.0 1.0 1.25 1.75 0.75 1.5 0.25 1.0 0.75 2.0 1.75 2.0 1.5 1.25 0.25 1.25 1.25 0.25 0.25 0.0 0.25 1.25 1.0 0.5 0.25 1.75 1.0 0.75 1.25 0.25 1.0 0.0 1.5 1.25 1.25 0.75 1.75 0.0 1.75 1.0 0.75 0.25 1.75 0.0 0.5 1.0 1.5 0.0 0.0 0.5 1.5 0.0 0.25 1.0 0.0 0.25 0.0 0.75 0.0 0.5 0.0 1.25 0.25 1.25 2.0 1.25 0.75 1.0 0.75 0.75 0.25 1.5 0.25 1.5 0.75 1.0 0.25 1.0 1.5 0.25 0.25 0.75 0.0 2.0 1.0 2.0 0.5 0.25 1.0 1.0 0.5 0.75 1.5 0.0 0.0 0.75 0.25 0.5 0.25 0.25 1.25 1.5 1.0 0.75 0.5 0.5 0.0 0.75 1.0 0.5 0.75 2.0 1.25 2.0 1.75 1.75 1.25 1.5 1.75 0.0 1.0 1.75 0.0 0.25 1.5 1.5 1.0 2.0 2.0 0.25 0.75 1.75 1.25 1.5 1.75 1.25 1.75 0.25 1.5 0.25 0.5 0.0 0.75 1.75 0.0 1.75 1.5 1.0 0.75 0.0 1.25 0.25 1.25 1.0 0.5 0.25 0.75 0.5 1.5 0.25 0.25 1.75 1.25 1.0 2.0 0.25 0.5 0.25 0.75 1.75 1.25 2.0 0.75 0.5 1.0 1.0 1.75 1.0 2.0 1.25 1.25 1.0 0.5 1.5 0.0 2.0 1.75 0.25 1.25 0.25 1.25 0.75;41 45 73 75 128 147 149 175
8;0.0 0.25 0.25 0.25 0.0 0.5 0.0 0.0 0.25 0.5 0.0 0.0 0.5 0.25 0.0 0.25 0.0 0.0 0.25 0.5 0.25 0.0 0.5 0.5 0.0 0.5 0.5 0.0 0.0 0.5 0.0 0.0 0.25 0.5 0.25 0.5 0.5 0.25 0.5 0.0 0.0 0.0 0.0 0.25 0.0 0.0 0.0 0.25 0.25 0.0 0.25 0.5 0.25 0.25 0.5 0.25 0.25 0.5 0.25 0.5 0.0 0.0 0.25 0.5;19 22 23 33 35 36 38 51
2;0.0 1.0 0.25 3.5 2.5 0.75 2.5 2.25 0.0 1.75 1.75 1.5 2.75 2.75 3.5 1.75 3.0 3.75 4.0 4.0 0.75 2.75 1.5 0.5 1.5 2.5 2.25 4.0 3.75 1.75 4.0 4.0 3.5 3.5 2.75 1.0 3.0 3.25 2.5 1.25 3.0 3.25 3.25 1.75 0.5 1.0 4.0 0.25 1.25 1.0 0.25 4.0 0.25 1.0 3.0 2.75 2.0 4.0 3.5 0.5 3.5 2.75 0.75 2.75 3.0 2.0 4.0 3.75 1.0 4.0 0.0 1.25 1.25 2.0 2.75 1.5 1.0 2.0 4.0 2.25 0.25 0.0 1.25 0.0 4.0 3.0 1.0 2.75 0.5 1.0 2.75 3.25 3.75 2.5 4.0 2.5 0.5 2.0 2.75 0.75 2.5 0.75 1.0 2.75 4.0 1.75 1.75 0.25 2.0 2.5 0.5 2.75 0.0 3.5 0.0 3.75 3.5 0.5 2.0 0.0 1.25 0.0 1.5 0.75 0.75 2.5 1.5 2.75;18 19
8;0.25 0.5 0.25 0.25 0.0 0.75 0.25 0.75 0.25 1.0 1.0 1.0 0.5 0.75 1.0 0.0 0.75 1.0 0.75 0.75 1.0 1.0 1.0 1.0 0.25 0.75 0.75 0.75 0.75 0.25 1.0 0.25 0.5 1.0 0.0 1.0 1.0 0.5 0.25 0.25 1.0 0.5 0.25 0.0 0.25 0.75 0.5 0.75 0.5 1.0 0.25 0.5 1.0 0.25 0.0 1.0 0.5 0.5 1.0 0.0 0.0 0.0 0.25 1.0;14 17 20 21 22 23 35 49
16;0.5 1.0 0.5 0.5 1.0 0.0 1.5 0.25 1.0 1.5 0.75 0.0 0.75 0.25 0.5 1.0 1.5 1.5 0.0 0.5 1.0 0.0 1.0 1.5 0.75 0.0 0.25 1.0 0.25 0.0 0.5 1.0 0.75 1.0 1.5 1.0 0.25 0.0 0.75 1.25 1.0 1.25 1.25 1.5 0.0 1.0 1.5 0.75 1.0 1.5 1.5 1.5 0.5 0.75 1.5 0.25 0.5 0.75 0.5 0.5 1.0 0.25 1.5 1.5;6 9 16 17 23 34 39 42 43 46 49 50 51 54 62 63
8;0.25 0.5 0.75 0.0 0.0 0.25 0.25 0.75 0.0 0.75 0.0 0.5 0.0 0.0 0.75 0.75 0.75 0.0 0.75 0.75 0.5 0.25 0.5 0.0 0.25 0.25 0.0 0.0 0.0 0.0 0.25 0.5 0.5 0.25 0.0 0.75 0.5 0.75 0.5 0.0 0.0 0.5 0.25 0.25 0.5 0.25 0.0 0.25 0.25 0.0 0.0 0.75 0.25 0.0 0.75 0.25 0.25 0.0 0.75 0.25 0.75 0.25 0.5 0.75 0.5 0.0 0.25 0.0 0.5 0.25 0.5 0.75 0.25 0.25 0.0 0.5 0.25 0.75 0.75 0.75 0.25 0.5 0.0 0.25 0.25 0.75 0.25 0.0 0.75 0.25 0.75 0.75 0.25 0.75 0.75 0.5 0.75 0.5 0.5 0.5 0.0 0.5 0.5 0.75 0.0 0.5 0.25 0.25 0.5 0.0 0.75 0.25 0.0 0.75 0.5 0.0 0.5 0.5 0.5 0.5 0.75 0.0 0.25 0.5 0.75 0.5 0.75 0.75 0.75 0.5 0.0 0.0 0.25 0.75 0.25 0.25 0.25 0.0 0.25 0.5 0.75 0.0 0.5 0.25 0.5 0.25 0.25 0.25 0.5 0.0 0.0 0.25 0.0 0.5 0.25 0.0 0.0 0.25 0.75 0.25 0.0 0.5 0.75 0.75 0.25 0.0 0.5 0.75 0.0 0.0 0.75 0.25 0.0 0.25 0.75 0.25 0.5 0.75 0.5 0.5 0.5 0.25 0.0 0.25 0.0 0.25 0.75 0.0 0.5 0.0 0.75 0.5 0.75 0.25 0.25 0.25 0.25 0.5 0.0 0.25 0.0 0.0 0.75 0.5 0.75 0.5 0.0 0.5 0.5 0.75 0.75 0.25 0.0 0.5 0.0 0.75 0.0 0.5 0.0 0.75 0.75 0.5 0.25 0.0 0.75 0.5 0.25 0.5 0.75 0.25 0.5 0.5 0.75 0.25 0.0 0.0 0.5 0.25 0.75 0.25 0.0 0.75 0.25 0.75 0.25 0.25 0.0 0.75 0.75 0.5 0.75 0.75 0.75 0.75 0.0 0.25;58 60 63 71 140 158 163 167
2;0.25 0.5 0.5 0.25 0.25 0.0 0.75 0.25;2 6
8;0.25 3.5 0.25 3.25 1.25 3.25 3.0 3.75 2.75 0.0 1.75 4.0 3.5 3.25 1.5 0.0 2.25 0.25 0.5 3.75 0.25 1.25 0.5 1.5 2.0 1.5 1.5 2.5 0.0 2.25 1.5 2.25 1.75 3.75 3.75 0.75 1.5 0.0 4.0 3.5 0.25 1.75 2.5 2.25 3.0 1.75 2.25 2.5 2.0 0.0 0.25 4.0 0.0 3.75 1.0 1.25 0.75 3.75 1.75 2.5 1.75 0.0 0.25 1.5;7 11 33 34 38 51 53 57
1;1.125 1.375 1.125 1.5 -0.75 1.125 0.5 1.5 0.5 -2.875 -2.25 -0.375 1.5 0.125 2.0 -0.125 -0.25 0.125 0.625 -0.625 -2.25 0.625 0.25 0.875 2.0 -0.5 -1.125 -2.25 -0.25 -0.25 0.625 -0.875 -1.375 0.25 -1.5 0.875 -1.25 -2.625 0.0 -1.5 -0.25 0.875 -2.125 0.375 1.0 0.125 1.0 0.875 -1.125 -2.875 0.625 -0.5 -1.625 -1.0 -1.375 1.25 0.0 -0.75 -1.75 2.125 0.0 0.5 1.125 0.25;59
2;0.0 0.25 0.0 0.25 0.0 0.0 0.0 0.25 0.25 0.5 0.25 0.0 0.0 0.5 0.25 0.25 0.0 0.25 0.0 0.0 0.5 0.0 0.5 0.0 0.5 0.25 0.0 0.0 0.25 0.0 0.25 0.5 0.0 0.0 0.0 0.0 0.5 0.0 0.0 0.5 0.25 0.5 0.25 0.0 0.0 0.0 0.5 0.5 0.0 0.25 0.5 0.25 0.5 0.25 0.25 0.25 0.0 0.5 0.0 0.5 0.25 0.5 0.5 0.0 0.25 0.5 0.25 0.5 0.25 0.25 0.25 0.25 0.5 0.5 0.5 0.25 0.0 0.5 0.25 0.25 0.25 0.25 0.25 0.0 0.0 0.5 0.0 0.0 0.5 0.0 0.0 0.5 0.0 0.25 0.25 0.5 0.0 0.5 0.0 0.5 0.25 0.0 0.5 0.25 0.5 0.25 0.5 0.5 0.25 0.25 0.0 0.5 0.25 0.5 0.5 0.0 0.5 0.5 0.0 0.5 0.25 0.5 0.5 0.5 0.5 0.5 0.25 0.0;9 13
8;1.5 0.5 0.0 1.5 0.0 0.0 0.25 0.0 0.75 1.25 1.25 0.0 1.5 1.25 0.5 1.5 1.0 0.0 1.5 0.5 1.5 0.5 0.75 1.5 1.0 0.75 1.0 0.75 1.25 1.0 0.25 0.25 1.0 1.0 1.5 0.0 1.25 0.75 0.0 1.0 0.25 1.0 1.0 1.25 0.5 0.25 1.0 0.75 1.5 0.25 1.25 1.25 1.5 0.25 1.25 1.25 0.5 0.5 0.25 1.5 0.25 1.5 0.25 0.75;0 12 15 18 20 23 34 48
1;-1.75 -4.125 0.125 2.375 0.5 -1.375 0.5 -3.25 -0.25 -1.375 1.125 -0.25 -0.625 1.875 2.125 -0.5 1.125 1.25 -0.5 1.375 2.5 2.375 -2.375 0.875 0.625 -3.5 1.125 2.375 -0.625 1.75 -1.375 -1.125 0.375 0.375 -1.625 -2.25 2.875 -0.375 -1.125 0.125 -0.5 1.0 -0.75 0.0 -0.625 -2.125 -0.375 0.25 -0.875 -3.25 0.0 -0.625 0.75 0.375 -0.875 -3.0 0.625 0.875 -1.375 -0.625 -0.125 1.0 0.5 -0.875;36
8;0.0 1.0 1.5 0.75 0.25 0.25 0.5 0.5 0.5 1.5 1.5 0.25 1.75 0.75 1.0 1.25 1.75 0.0 0.75 1.25 0.75 1.5 1.75 1.0 0.75 0.0 0.75 1.0 0.5 1.25 0.5 0.5 0.5 0.75 2.0 2.0 0.25 0.75 1.75 2.0 0.25 0.25 0.75 1.75 0.75 2.0 2.0 2.0 1.5 0.25 2.0 1.75 1.25 1.25 2.0 0.25 0.25 2.0 0.0 0.5 1.5 0.25 0.75 0.5;34 35 45 46 47 50 54 57
8;1.25 1.0 0.75 1.75 0.5 2.0 1.25 0.0 0.0 0.25 2.0 0.0 1.25 1.5 0.5 1.5 1.0 0.75 1.75 2.0 1.25 1.5 0.75 1.5 1.5 2.0 2.0 2.0 1.25 2.0 1.5 1.5 1.0 2.0 0.5 1.25 1.5 1.5 1.25 1.25 1.5 0.0 0.25 1.0 1.0 1.25 0.0 1.75 1.75 0.0 0.5 1.0 0.75 1.5 2.0 1.25 0.25 1.75 1.75 1.5 1.75 0.0 2.0 0.0;10 19 25 26 27 29 33 54
1;0.25 0.25 0.25 0.0 0.0 0.25 0.0 0.0 0.0 0.0 0.0 0.0 0.25 0.0 0.0 0.0 0.0 0.0 0.25 0.25 0.25 0.25 0.0 0.0 0.25 0.25 0.25 0.0 0.0 0.25 0.25 0.25 0.0 0.25 0.25 0.25 0.25 0.25 0.0 0.0 0.25 0.0 0.25 0.25 0.25 0.25 0.0 0.25 0.25 0.25 0.25 0.0 0.0 0.25 0.25 0.25 0.0 0.25 0.25 0.0 0.25 0.25 0.0 0.0 0.25 0.25 0.0 0.0 0.0 0.0 0.25 0.0 0.25 0.0 0.25 0.25 0.0 0.0 0.25 0.25 0.25 0.0 0.25 0.25 0.0 0.25 0.25 0.0 0.25 0.0 0.25 0.0 0.25 0.0 0.25 0.0 0.0 0.0 0.25 0.0 0.25 0.25 0.0 0.25 0.25 0.25 0.0 0.0 0.0 0.25 0.0 0.25 0.0 0.25 0.0 0.25 0.0 0.0 0.25 0.25 0.0 0.25 0.0 0.0 0.25 0.0 0.0 0.25 0.25 0.25 0.25 0.0 0.0 0.25 0.25 0.25 0.25 0.0 0.0 0.0 0.25 0.0 0.25 0.0 0.25 0.25 0.25 0.0 0.25 0.25 0.25 0.25 0.25 0.0 0.0 0.25 0.25 0.25 0.0 0.0 0.25 0.25 0.0 0.25 0.25 0.0 0.0 0.0 0.25 0.0 0.25 0.25 0.25 0.0 0.25 0.25 0.25 0.0 0.25 0.0 0.0 0.0 0.0 0.25 0.0 0.25 0.25 0.25 0.0 0.25 0.25 0.25 0.0 0.0 0.25 0.0 0.0 0.0 0.0 0.0 0.25 0.0 0.25 0.0 0.0 0.0 0.25 0.0 0.25 0.25 0.25 0.25 0.25 0.0 0.0 0.0 0.0 0.0 0.25 0.0 0.25 0.0 0.25 0.0 0.0 0.0 0.25 0.0 0.0 0.0 0.25 0.0 0.25 0.25 0.0 0.0 0.25 0.25 0.25 0.0 0.25 0.0 0.0 0.25 0.25 0.25 0.25 0.0 0.25 0.0 0.25 0.0 0.25 0.25 0.25 0.25;0
1;0.0 0.0 0.0 0.25 0.25 0.25 0.25 0.25 0.25 0.25 0.0 0.25 0.25 0.0 0.0 0.0 0.25 0.25 0.25 0.0 0.25 0.25 0.25 0.0 0.0 0.25 0.0 0.0 0.0 0.0 0.25 0.25 0.25 0.25 0.0 0.0 0.25 0.0 0.0 0.25 0.25 0.0 0.25 0.25 0.25 0.0 0.25 0.0 0.25 0.0 0.25 0.0 0.0 0.0 0.25 0.0 0.25 0.0 0.25 0.0 0.0 0.0 0.25 0.0;3
8;0.25 0.75 0.5 0.5 0.75 0.0 0.5 1.0 0.0 0.25 0.25 0.0 0.0 0.5 0.5 0.25 0.25 1.0 0.5 0.25 0.25 0.0 0.5 1.0 0.25 1.0 0.25 0.5 0.0 0.5 0.75 0.0 0.25 0.0 0.5 0.0 0.0 0.25 0.5 0.5 0.0 0.75 0.5 0.25 0.0 1.0 0.75 0.0 1.0 0.75 0.25 0.5 0.5 1.0 0.5 0.5 0.0 0.75 1.0 1.0 1.0 0.25 0.0 0.25;7 17 23 25 53 58 59 60
2;2.5 0.5 1.5 1.0 2.0 4.0 4.0 3.5 0.75 0.0 1.0 2.5 0.5 1.25 2.0 3.75 0.25 1.25 0.0 0.75 3.5 3.0 1.0 1.25 2.75 0.25 1.0 3.5 2.75 1.0 3.5 0.75 1.75 3.5 2.0 1.0 0.5 1.0 2.0 1.25 3.5 1.75 3.0 1.5 1.75 2.5 0.0 4.0 3.0 2.75 1.75 0.25 0.75 1.75 3.75 2.75 1.25 3.5 0.75 2.75 1.25 3.25 1.75 2.25;5 47
8;3.5 1.5 2.0 3.75 0.25 2.25 2.0 3.25 0.5 3.5 3.75 0.5 2.25 2.75 2.25 2.0 3.25 3.75 1.5 1.5 3.5 3.25 3.0 0.75 4.0 2.0 1.25 1.25 2.25 2.25 2.5 3.25 3.0 2.75 0.5 2.5 2.75 1.25 2.75 3.0 1.75 2.5 1.75 0.5 1.5 2.5 2.0 3.75 4.0 4.0 3.0 1.75 2.75 3.0 2.5 3.5 3.75 3.25 2.0 2.5 0.25 1.5 1.25 1.5;3 10 17 24 47 48 49 56
2;0.75 0.25 -0.875 -1.25 -1.25 0.0 -0.625 -2.875 0.125 -2.375 0.5 2.75 0.5 -0.75 -1.125 -2.875 -0.5 -1.5 -1.25 -1.0 -1.375 1.5 -1.0 -2.625 -2.0 0.0 2.375 0.5 -0.625 0.375 0.25 -2.0 0.0 -0.5 -0.75 2.25 1.375 0.875 0.875 0.875 -0.375 -1.0 0.75 -0.75 -0.5 0.375 0.125 1.125 -1.0 -1.25 -0.625 2.125 1.25 0.375 -3.5 0.625 -0.875 -1.875 0.875 -2.125 -1.5 0.125 -1.375 0.0 0.875 0.125 2.25 -0.375 1.125 -2.375 2.0 3.0 -2.5 3.0 -2.125 -2.375 0.25 2.0 0.0 -0.625 -0.125 0.125 -0.625 -0.875 -0.375 -1.25 -1.25 -0.125 1.75 0.375 -1.75 -1.25 0.625 -0.875 -0.75 -1.625 -0.625 -0.625 0.125 0.0 -0.75 0.5 -0.875 -0.125 2.375 2.0 0.75 0.5 -0.875 -1.125 0.0 0.5 -0.375 -0.25 0.0 1.0 -1.625 0.0 -1.25 3.125 -1.75 2.375 0.0 0.875 0.5 1.75 0.0 -1.375;73 119
8;0.5 0.0 1.25 0.25 0.25 0.75 2.0 1.5 2.0 0.75 0.25 0.75 0.5 1.0 1.5 1.0 1.75 1.25 0.0 0.0 0.25 1.0 1.75 0.0 1.0 0.75 0.75 1.25 1.0 1.25 1.0 1.25 1.75 1.0 1.5 1.75 1.25 2.0 1.0 1.0 0.75 1.0 0.0 1.5 0.0 1.5 1.75 1.0 0.25 1.5 1.75 1.0 1.5 1.5 0.25 0.75 1.25 0.0 2.0 0.75 1.75 0.5 0.5 0.0 1.75 0.5 1.0 1.0 0.75 0.5 1.0 0.75 1.5 1.5 0.0 0.5 0.5 0.0 0.75 1.75 0.25 0.25 1.5 0.0 1.75 1.25 1.5 1.25 1.25 1.25 0.5 1.5 1.0 0.25 1.25 1.25 1.75 1.0 1.25 1.0 1.75 1.75 0.5 2.0 0.75 2.0 1.0 0.5 0.75 0.75 0.0 2.0 1.0 0.75 2.0 0.25 1.75 0.25 1.25 0.5 1.25 1.0 2.0 2.0 0.25 1.25 2.0 1.0 0.75 0.5 1.5 0.25 1.0 1.0 1.25 0.0 0.75 0.5 1.5 0.75 0.5 1.0 2.0 1.5 0.75 0.75 0.25 1.5 0.75 1.0 0.75 0.75 0.75 0.75 0.75 1.25 1.75 1.75 0.25 0.5 1.0 1.25 2.0 0.5 0.25 2.0 0.25 1.0 2.0 1.75 1.75 0.75 0.25 0.75 1.5 2.0 1.25 2.0 1.25 0.25 0.25 0.0 1.5 0.0 1.75 0.75 0.25 1.0 1.75 2.0 1.0 0.25 0.0 2.0 0.75 0.25 0.0 1.0 1.0 0.5 1.75 0.75 1.0 1.25 0.75 0.5 1.75 1.0 1.0 0.0 1.5 0.25 0.5 0.25 1.25 1.25 2.0 1.25 1.25 1.25 1.75 0.75 1.5 1.25 0.5 1.5 1.0 2.0 1.0 1.5 1.0 0.25 0.0 1.75 1.5 1.25 1.75 1.75 1.5 1.75 1.5 0.75 0.5 0.25 0.25 1.0 1.25 0.5 1.5 2.0 0.5 0.0 0.5 0.5 1.0 2.0;58 111 114 122 123 126 189 193
8;1.5 0.0 0.25 1.25 0.25 0.0 0.0 1.0 0.75 1.25 0.0 1.25 0.25 0.75 0.0 0.5 0.75 0.5 0.0 0.5 1.0 1.25 0.5 0.0 0.5 1.25 0.25 0.5 1.5 0.75 1.0 0.75 0.25 0.75 1.0 1.5 0.5 0.75 1.25 0.25 1.25 0.25 0.0 0.5 1.0 0.5 0.25 0.0 1.5 0.5 1.5 0.75 0.25 0.5 0.0 0.0 1.25 0.0 1.5 1.25 0.0 0.75 1.0 0.75;0 9 11 28 35 48 50 58
8;0.125 0.875 1.5 -0.75 -2.375 0.125 3.5 -0.375 -0.25 0.125 0.375 0.625 -2.5 -1.25 -0.125 0.0 -2.125 0.25 -0.375 -1.375 -2.0 1.75 0.0 2.0 -2.375 -1.125 0.0 1.25 -1.0 -1.0 -0.875 0.625 -0.125 0.25 0.125 -5.0 2.5 -0.875 0.625 -0.5 -0.25 -0.75 -0.125 1.875 -1.625 -1.125 1.0 5.0 -0.875 1.75 -0.625 0.0 -2.875 -1.25 -1.25 -1.0 2.5 0.5 -4.625 -2.75 1.25 -0.625 -0.125 1.75;6 21 23 36 43 47 49 56
8;0.25 0.75 0.75 0.75 0.5 0.75 0.0 0.5 0.5 0.25 0.0 0.5 0.5 0.0 0.25 0.5 0.0 0.75 0.0 0.5 0.0 0.5 0.25 0.75 0.75 0.0 0.5 0.5 0.5 0.25 0.5 0.25 0.0 0.0 0.0 0.25 0.0 0.25 0.5 0.75 0.0 0.75 0.25 0.5 0.75 0.75 0.5 0.0 0.75 0.75 0.0 0.5 0.75 0.0 0.25 0.25 0.0 0.75 0.75 0.25 0.0 0.25 0.25 0.75;17 23 24 39 41 44 45 58
2;0.25 0.5 0.5 0.0 0.25 0.25 0.0 0.75 0.75 0.0 0.5 0.25 0.75 0.5 0.0 0.75 0.5 0.25 0.5 0.25 0.0 0.5 0.25 0.75 0.5 0.25 0.0 0.75 0.75 0.0 0.5 0.5 0.75 0.75 0.75 0.5 0.0 0.0 0.0 0.0 0.5 0.5 0.0 0.75 0.5 0.75 0.0 0.25 0.25 0.5 0.25 0.0 0.5 0.25 0.5 0.5 0.25 0.0 0.5 0.25 0.25 0.0 0.75 0.0;15 33
16;0.25 -2.0 1.0 0.25 0.125 0.75 -0.125 2.625 0.5 0.625 -1.125 2.75 -0.875 -0.5 -0.5 1.875 -0.5 -0.75 -2.375 0.375 -2.375 1.5 -1.5 1.0 -2.375 2.125 -1.25 -2.25 1.25 0.875 -0.125 2.125 -0.875 2.25 1.125 2.25 1.875 -0.75 -0.125 0.375 1.5 -0.125 1.125 1.125 -2.5 1.375 -0.625 -0.125 -1.5 0.875 -1.25 -2.375 -2.0 0.5 -0.125 0.5 1.75 1.375 1.0 0.5 1.0 0.25 -1.875 -1.0;7 11 15 21 25 28 31 33 35 36 40 42 43 45 56 57
2;0.5 0.5 0.5 0.25 0.5 0.75 1.0 1.0;6 7
3;0.25 0.0 0.25 0.75 0.5;2 3 4
8;3.75 1.0 3.25 1.5 3.0 2.75 3.25 0.25 3.75 2.5 0.0 2.5 0.5 3.0 1.0 3.0 2.25 1.25 1.25 1.5 0.25 3.25 3.5 0.25 3.0 2.75 3.0 0.5 3.5 2.75 3.25 1.0 0.5 2.5 0.75 0.5 0.5 3.0 1.0 1.5 0.25 3.0 4.0 1.5 1.75 1.25 1.75 3.5 3.75 0.75 3.0 3.0 2.5 4.0 0.25 0.5 2.75 1.5 3.0 1.75 2.5 3.5 3.75 2.25;0 8 22 42 48 53 61 62
4;0.25 0.25 0.25 0.25 0.0 0.25 0.0 0.25 0.25 0.0 0.0 0.25 0.25 0.25 0.25 0.0 0.25 0.0 0.0 0.25 0.0 0.0 0.0 0.0 0.25 0.0 0.0 0.25 0.0 0.0 0.25 0.25 0.25 0.0 0.0 0.0 0.0 0.25 0.25 0.0 0.0 0.25 0.25 0.0 0.0 0.0 0.25 0.25 0.25 0.25 0.0 0.25 0.0 0.0 0.0 0.0 0.25 0.0 0.0 0.25 0.0 0.25 0.0 0.0 0.25 0.0 0.25 0.25 0.0 0.25 0.0 0.25 0.0 0.0 0.25 0.25 0.25 0.0 0.25 0.25 0.25 0.0 0.0 0.25 0.0 0.0 0.25 0.25 0.25 0.0 0.25 0.0 0.0 0.0 0.25 0.25 0.25 0.0 0.25 0.25 0.25 0.25 0.0 0.0 0.0 0.0 0.25 0.0 0.0 0.25 0.0 0.25 0.25 0.25 0.0 0.25 0.25 0.25 0.25 0.0 0.0 0.0 0.25 0.25 0.25 0.0 0.25 0.25 0.25 0.0 0.25 0.0 0.25 0.25 0.0 0.25 0.25 0.25 0.0 0.25 0.0 0.25 0.25 0.25 0.25 0.0 0.0 0.25 0.0 0.0 0.25 0.25 0.0 0.0 0.25 0.25 0.25 0.0 0.0 0.25 0.25 0.0 0.25 0.0 0.25 0.25 0.25 0.25 0.0 0.25 0.0 0.0 0.0 0.0 0.0 0.0 0.25 0.25 0.0 0.25 0.25 0.0 0.25 0.25 0.0 0.0 0.0 0.0 0.0 0.25 0.0 0.25 0.0 0.25 0.25 0.0 0.25 0.0 0.25 0.0 0.0 0.25 0.0 0.25 0.0 0.25 0.0 0.25 0.0 0.25 0.0 0.25 0.0 0.0 0.25 0.0 0.0 0.0 0.0 0.25 0.0 0.25 0.25 0.0 0.0 0.25 0.0 0.0 0.25 0.25 0.25 0.25 0.0 0.25 0.25 0.25 0.25 0.0 0.0 0.25 0.0 0.25 0.0 0.0 0.0 0.0 0.0 0.25 0.25 0.25 0.0 0.25 0.0 0.0 0.0 0.0;0 1 2 3
2;0.5 0.5 0.0 0.75 0.5 0.75 0.5 0.5 0.25 0.0 0.5 0.0 0.5 0.25 0.25 0.5 0.75 0.25 0.75 0.0 0.75 0.0 0.0 0.0 0.5 0.25 0.5 0.75 0.5 0.75 0.25 0.25 0.75 0.5 0.0 0.25 0.25 0.5 0.0 0.75 0.5 0.75 0.0 0.5 0.75 0.0 0.25 0.25 0.0 0.5 0.75 0.25 0.75 0.75 0.25 0.5 0.5 0.0 0.0 0.25 0.25 0.75 0.5 0.0 0.75 0.0 0.75 0.75 0.25 0.25 0.0 0.25 0.5 0.25 0.75 0.75 0.0 0.0 0.0 0.75 0.0 0.25 0.5 0.75 0.0 0.25 0.5 0.0 0.25 0.25 0.75 0.5 0.25 0.0 0.25 0.0 0.0 0.0 0.75 0.0 0.0 0.25 0.75 0.5 0.25 0.5 0.75 0.75 0.5 0.25 0.25 0.0 0.0 0.5 0.5 0.0 0.75 0.75 0.75 0.5 0.0 0.5 0.5 0.25 0.5 0.0 0.75 0.25;3 5
4;1.0 0.0 1.0 1.0 0.75 0.5 1.0 0.5 0.25 0.5 1.0 0.0 0.5 0.75 0.0 0.0 0.0 1.0 0.0 0.25 0.75 0.5 0.25 1.0 0.0 0.75 0.5 0.25 0.25 0.25 1.0 0.25 0.75 0.25 1.0 0.5 0.25 0.0 0.0 0.75 0.0 0.5 0.25 0.0 0.0 0.5 0.75 0.5 0.25 1.0 0.0 0.75 0.5 0.75 0.75 0.25 0.75 1.0 0.5 0.75 1.0 0.25 0.75 0.25 1.0 0.5 1.0 0.75 0.75 0.25 0.75 0.25 1.0 0.25 0.5 0.25 0.0 0.75 0.75 0.5 0.0 0.25 0.0 0.0 0.5 0.75 0.75 1.0 1.0 0.25 0.0 0.0 0.5 1.0 1.0 0.25 0.0 1.0 0.25 1.0 0.0 0.25 0.0 0.0 1.0 0.5 0.5 1.0 1.0 1.0 0.25 1.0 1.0 0.75 0.75 0.25 0.75 0.5 0.75 1.0 0.5 0.75 0.5 0.25 0.25 0.75 1.0 1.0 0.5 0.5 0.75 0.0 0.75 0.75 0.25 0.75 0.75 0.5 0.5 0.75 0.5 0.75 0.25 0.5 0.0 1.0 0.75 0.0 0.5 0.5 0.75 0.75 0.25 1.0 0.0 0.5 1.0 1.0 1.0 1.0 0.5 0.75 1.0 0.75 1.0 0.75 0.75 0.25 0.25 0.0 0.5 1.0 1.0 0.75 1.0 0.0 1.0 1.0 0.25 0.75 0.25 0.25 0.0 0.0 0.0 0.25 0.5 0.75 0.75 1.0 0.25 0.5 0.5 0.5 0.0 0.25 0.75 0.0 0.25 0.75 0.0 0.25 0.75 0.5 1.0 0.75 0.75 0.5 1.0 0.25 0.25 1.0 0.5 0.5 1.0 0.0 0.5 0.5 0.5 0.5 1.0 0.0 0.25 0.0 0.0 0.0 1.0 0.5 1.0 0.75 0.0 0.0 0.0 0.75 0.25 0.25 0.0 0.5 0.25 0.75 0.5 0.0 0.5 0.25 0.25 0.0 1.0 0.25 0.25 0.75 0.0 0.5 0.25 0.25 1.0 0.25;0 2 3 6
2;1.5 0.25 1.0 1.75 1.75 0.5 0.75 1.0 2.0 1.0 0.25 0.25 0.75 1.5 1.5 0.0 0.0 1.25 0.5 1.25 0.25 1.25 0.25 1.0 0.5 2.0 1.0 0.75 1.5 0.25 0.5 0.75 0.5 1.0 0.0 0.5 1.25 1.75 1.75 1.5 1.75 1.25 1.25 0.25 0.0 1.25 0.75 0.25 0.0 1.25 0.0 0.5 0.5 0.25 0.0 2.0 0.25 0.5 0.75 1.25 0.0 0.0 1.75 0.5;8 55
8;0.0 0.25 0.75 0.25 1.5 0.75 1.25 1.5 1.5 0.5 0.0 0.75 0.75 0.0 1.75 0.75 1.0 0.25 1.0 1.25 0.75 0.25 1.0 1.5 2.0 2.0 0.0 2.0 2.0 0.5 1.75 1.25 0.5 0.5 0.5 1.0 1.5 0.25 0.25 0.0 1.0 1.0 1.25 1.0 0.75 0.25 1.75 0.0 1.25 1.5 1.75 1.75 0.75 1.0 1.25 0.0 1.75 0.5 1.0 1.75 0.25 0.0 0.0 0.5;14 24 25 27 28 46 50 56
4;0.75 0.75 0.25 2.0 1.0 0.25 1.75 1.25 1.25 1.5 2.0 1.25 0.5 1.5 1.0 1.75 0.25 1.5 0.25 0.5 0.75 0.0 1.5 0.5 1.0 0.75 0.5 0.5 0.5 1.25 1.25 0.5 1.0 0.5 0.0 1.5 1.5 1.75 0.0 0.75 1.0 1.0 1.0 1.75 1.5 0.0 2.0 2.0 1.0 1.75 0.75 0.0 0.75 1.0 1.0 1.5 0.5 0.25 0.75 1.0 0.0 1.75 1.75 0.25 0.75 0.75 0.25 1.5 0.25 0.25 0.0 0.25 0.5 0.25 0.25 0.25 1.25 0.75 1.25 0.5 1.75 2.0 1.0 0.0 1.75 0.0 1.75 0.25 2.0 2.0 0.0 2.0 0.25 1.25 0.5 0.25 1.25 1.75 0.0 0.0 0.75 1.75 1.5 0.0 1.25 1.5 1.5 1.5 0.25 0.0 1.0 1.0 1.0 0.0 0.75 0.5 1.75 1.0 2.0 1.0 0.5 0.5 0.5 0.25 1.5 1.25 1.75 0.5 1.75 0.0 0.5 0.25 1.75 1.25 2.0 0.25 0.25 1.25 0.75 0.25 0.0 0.25 1.0 1.25 0.0 1.0 2.0 1.75 1.5 1.75 0.0 0.5 1.25 1.25 0.75 1.75 2.0 0.0 0.5 1.0 1.75 1.5 1.25 0.5 0.5 0.0 2.0 1.25 0.25 1.25 0.25 2.0 0.25 0.5 2.0 0.0 1.0 2.0 1.25 1.0 0.0 0.0 0.75 0.0 1.75 1.5 1.75 2.0 0.0 1.25 0.75 0.25 0.0 0.25 2.0 1.25 0.0 1.5 0.25 0.5 1.25 0.75 0.5 1.0 1.5 0.5 1.75 2.0 0.25 0.75 1.5 0.25 1.25 1.75 0.5 0.5 0.75 1.0 1.75 0.0 0.5 0.5 0.75 1.75 0.75 0.5 0.0 1.0 0.5 1.75 0.0 1.0 0.0 0.0 0.75 2.0 0.5 1.75 1.0 2.0 1.75 2.0 0.5 1.0 0.0 0.5 0.75 1.0 1.5 1.0 0.0 1.0 1.5 1.0 1.25 1.75;3 10 46 47
8;1.75 1.0 0.25 0.5 0.75 1.25 0.25 1.75 0.5 1.75 1.25 0.25 1.5 1.5 2.0 1.25 1.5 0.25 0.0 1.75 0.75 2.0 1.0 1.5 1.5 0.25 0.0 0.0 0.75 1.5 1.0 0.75 1.25 1.0 1.0 1.5 2.0 0.5 0.75 1.0 1.25 1.25 1.5 0.75 2.0 0.5 1.0 1.25 0.0 1.0 1.5 0.5 0.5 0.0 0.5 0.25 1.0 1.0 1.5 1.75 2.0 1.25 1.25 0.0;0 9 14 19 21 36 44 60
2;0.5 3.0 0.5 4.0 0.75 3.5 2.0 1.5 2.75 4.0 3.75 0.5 2.5 1.25 0.0 2.5 0.25 3.75 0.75 3.0 2.25 3.25 1.75 3.0 2.0 3.0 0.25 3.75 1.0 0.25 3.25 0.75 3.5 3.75 1.5 4.0 2.75 0.0 1.25 3.5 1.25 2.75 2.75 2.5 0.5 2.0 3.25 3.75 1.75 2.25 3.25 1.25 3.5 2.5 2.75 1.25 3.5 0.25 2.5 2.5 0.5 3.0 1.5 0.75;9 35
8;0.5 0.0 0.5 0.25 0.0 0.0 0.0 1.0 0.25 0.0 0.25 0.5 0.75 0.5 1.0 0.75 1.0 0.0 0.5 0.75 0.75 0.25 0.5 0.25 0.0 0.75 1.0 0.75 0.0 0.75 1.0 0.0 0.75 0.75 0.0 0.75 0.0 1.0 1.0 0.75 0.5 0.5 0.75 1.0 1.0 1.0 0.0 0.0 0.5 1.0 1.0 1.0 0.25 0.25 0.75 0.75 0.5 1.0 1.0 0.5 0.25 0.0 0.75 0.25;14 16 26 37 38 45 50 51
8;-2.0 -0.5 -0.125 1.625 -1.75 0.0 0.875 0.0 0.0 -0.875 -2.75 -1.25 -1.5 2.625 0.5 0.375 -1.0 0.875 -1.5 -2.5 0.625 1.625 0.0 1.5 0.875 -1.375 -0.125 -1.375 -0.25 0.25 -2.25 -1.375 1.375 2.5 -0.875 1.875 1.25 0.125 -0.5 -1.25 1.0 0.75 -0.625 -0.5 -0.375 0.125 0.0 -1.25 -2.5 4.0 -1.625 0.875 0.5 -1.5 -1.75 1.625 0.5 2.75 0.5 -0.125 -0.375 0.625 1.875 -0.75;13 21 33 35 49 55 57 62
2;-1.75 -0.125 1.0 -0.375 0.125 -0.25 1.625 -1.5 -2.25 0.0 2.625 1.125 0.25 -2.375 -1.625 1.125 0.875 -0.375 -1.375 2.125 1.0 -0.125 0.125 -1.5 0.0 -1.375 1.625 0.875 0.375 -0.625 -0.625 -1.5 -3.75 0.375 -2.125 -0.625 -0.5 -0.75 -1.25 -2.0 0.0 0.375 -1.25 2.0 -0.75 -0.125 0.0 1.25 -0.125 0.5 -1.625 0.125 1.0 3.0 1.375 -0.75 2.125 -1.0 -2.25 -1.375 0.25 -3.625 0.75 -0.5 0.0 1.0 1.875 1.375 0.875 0.875 2.25 -1.5 -0.875 1.5 -1.625 0.875 -1.375 -1.5 -1.25 -0.25 2.625 -1.625 -0.625 1.25 1.375 1.125 -1.375 1.375 -0.5 -1.0 -1.375 2.125 -0.75 -1.125 0.5 0.5 0.625 -1.125 1.5 0.625 2.5 3.25 -2.25 -0.75 -1.5 0.0 -1.625 -0.5 -1.125 1.125 1.75 1.25 0.0 -0.125 -0.375 1.625 1.25 0.75 -2.0 1.875 -0.375 1.75 -1.0 1.375 2.75 -0.25 0.625 1.875;53 101
8;2.125 0.0 -2.375 -1.875 -0.5 1.375 1.625 1.75 -0.75 0.375 1.75 -2.125 -2.5 -1.5 1.25 3.5 -0.875 1.5 -1.5 1.25 1.875 -2.0 1.25 -1.0 -0.875 3.125 -1.0 0.25 -0.5 2.5 -0.25 -1.0 0.125 -0.875 -1.375 0.375 1.625 1.875 1.875 3.0 -1.125 2.375 2.0 1.5 -2.125 1.875 -2.125 0.25 -1.25 -1.125 0.125 1.0 -4.25 0.125 1.625 1.5 -2.0 -1.625 0.25 -0.375 -1.75 -1.125 -1.875 0.0;0 15 25 29 37 39 41 42
2;-3.125 -0.375 0.5 0.375 0.25 1.0 -1.25 -0.125;2 5
8;0.25 0.25 0.0 0.5 0.0 0.25 0.0 0.25 0.5 0.75 0.25 0.75 0.75 0.5 0.0 0.0 0.25 0.25 0.0 0.75 0.25 0.75 0.75 0.75 0.75 0.0 0.25 0.0 0.75 0.5 0.75 0.0 0.5 0.25 0.75 0.5 0.0 0.0 0.75 0.75 0.75 0.0 0.25 0.75 0.5 0.0 0.0 0.75 0.0 0.25 0.75 0.5 0.0 0.75 0.25 0.0 0.5 0.25 0.25 0.25 0.25 0.25 0.75 0.75;12 19 23 28 30 34 38 39
2;0.25 0.25 0.0 0.75 0.0 0.0 0.0 0.5;3 7
8;-0.625 0.0 0.375 -0.5 0.625 -0.375 1.875 0.125 -1.75 0.75 -0.375 -1.375 0.375 -1.625 1.375 1.625 0.5 0.5 -3.5 0.875 0.5 1.0 0.125 -0.875 0.5 1.375 -0.25 -0.75 1.5 -0.625 -0.5 1.0 2.625 -3.875 1.375 -0.875 0.5 0.5 0.0 0.5 0.5 1.0 0.0 -0.75 0.75 0.375 -0.375 0.75 -0.125 -2.375 1.5 2.625 -1.5 0.75 2.75 1.0 2.875 1.25 -1.75 -0.375 1.125 0.375 -0.875 -0.875;6 15 28 32 50 51 54 56
8;0.0 0.5 0.0 0.0 0.0 0.25 0.25 0.25 0.25 0.5 0.5 0.0 0.25 0.25 0.5 0.25 0.0 0.5 0.25 0.5 0.25 0.5 0.0 0.0 0.5 0.0 0.25 0.5 0.0 0.5 0.5 0.0 0.0 0.25 0.5 0.0 0.5 0.0 0.5 0.25 0.25 0.0 0.5 0.5 0.0 0.25 0.25 0.25 0.5 0.0 0.0 0.25 0.0 0.25 0.0 0.25 0.5 0.0 0.5 0.25 0.5 0.25 0.25 0.0;17 19 21 27 29 30 56 58
2;-1.375 -0.5 1.375 1.5 -1.5 0.25 0.375 1.25 -2.375 0.75 -1.0 1.5 -1.5 0.5 -0.375 1.5 -0.125 1.875 0.125 0.875 -0.5 -0.5 0.125 1.375 -0.25 1.5 -1.875 2.0 -1.375 0.0 0.75 0.0 -1.875 0.25 0.0 -2.125 1.0 -3.0 0.0 1.0 -2.375 -1.875 2.0 -1.25 -0.625 -0.875 2.875 1.875 -0.75 -1.25 3.25 0.375 1.875 1.875 0.125 -0.625 -0.625 0.5 -0.625 -0.5 -0.625 -1.125 -0.875 -1.75 -0.875 0.0 0.375 -1.625 3.0 -2.75 1.5 0.25 -0.5 2.625 -2.0 -1.25 0.875 -2.125 -1.375 0.875 0.375 -0.5 1.5 -2.0 -1.5 0.375 2.875 -0.375 1.375 -1.5 -1.25 -2.5 -1.75 1.25 0.125 -0.125 1.75 1.875 -1.375 -2.125 0.75 4.0 -1.875 -0.875 1.625 0.0 -0.625 3.375 -0.25 1.625 2.0 1.0 -2.0 -2.0 -1.125 -0.75 -1.25 2.125 3.5 0.0 1.0 2.75 0.0 2.25 0.375 2.125 -1.5 -3.375;101 118
8;0.25 0.75 0.75 0.75 0.0 1.0 0.0 0.75 0.75 0.0 1.0 0.25 1.0 0.75 0.75 1.0 0.25 0.0 0.75 0.75 1.0 0.5 1.0 0.5 0.75 0.0 0.75 0.5 0.5 1.0 0.5 0.5 0.5 0.0 0.25 1.0 0.5 0.75 0.75 0.5 0.0 1.0 0.25 0.25 1.0 0.75 0.5 0.0 0.0 1.0 0.75 0.5 0.5 1.0 0.5 0.25 0.25 0.75 0.25 0.25 0.75 0.5 0.0 0.75;10 12 15 20 22 35 41 44
1;1.0 0.375 -1.25 0.25 1.625 -1.0 0.125 1.375 -1.125 -0.375 1.125 -0.5 -0.125 -0.75 0.0 -0.875 -1.75 -0.75 -0.75 0.375 -0.5 0.75 -1.0 0.625 1.625 0.25 2.125 2.375 0.75 2.875 -0.875 1.5 -1.25 0.125 1.25 1.5 -1.5 0.25 1.875 0.75 -0.625 0.5 0.75 -2.125 2.0 -1.125 3.25 0.875 -1.5 -1.125 0.0 -0.25 -1.75 1.75 -2.125 -0.5 2.375 2.375 0.375 -0.5 -0.625 -0.875 -0.625 -0.125;46
8;0.5 0.25 0.5 1.5 1.5 0.0 0.25 0.0 1.25 1.25 1.5 0.25 1.5 1.0 0.5 1.25 1.25 1.0 0.0 0.5 1.5 0.25 1.25 0.25 1.5 0.0 0.5 0.0 1.0 0.25 1.0 0.25 0.5 0.5 1.0 0.0 1.25 1.25 0.25 1.5 0.75 1.0 0.5 0.5 1.25 1.25 0.75 0.75 0.5 0.5 1.0 1.0 0.0 0.75 0.0 0.25 1.25 1.0 1.25 1.5 1.25 0.5 1.0 0.0;3 4 10 12 20 24 39 59
8;0.0 0.25 0.0 0.25 0.0 0.0 0.25 0.25 0.25 0.25 0.0 0.0 0.25 0.25 0.0 0.25 0.0 0.25 0.25 0.0 0.25 0.0 0.0 0.0 0.25 0.0 0.0 0.25 0.25 0.25 0.25 0.25 0.25 0.0 0.0 0.25 0.0 0.25 0.0 0.25 0.0 0.0 0.25 0.25 0.0 0.0 0.0 0.25 0.0 0.25 0.25 0.25 0.25 0.25 0.25 0.0 0.0 0.25 0.0 0.0 0.25 0.0 0.25 0.25;24 28 31 35 37 39 42 43
2;-0.125 0.125 0.5 0.625;2 3
2;0.5 0.0 0.0 0.0;0 2
8;3.0 3.25 3.5 0.75 3.0 0.25 1.0 1.0 0.5 1.25 0.0 1.0 0.5 3.75 4.0 3.75 0.25 4.0 1.5 0.0 0.25 4.0 2.75 2.5 2.0 0.0 3.5 2.25 1.75 3.5 2.75 3.0 2.0 1.5 1.25 1.75 3.0 0.0 3.75 1.75 0.25 1.0 2.5 0.5 1.25 2.0 0.75 1.25 2.0 0.75 1.75 4.0 3.5 2.0 0.5 3.5 2.25 2.0 0.75 0.75 2.25 0.75 3.75 0.0;13 14 15 17 21 38 51 62
4;0.0 0.0 0.0 0.5 0.25 0.25 0.0 0.5 0.5 0.5 0.25 0.25 0.0 0.0 0.5 0.25 0.5 0.0 0.5 0.25 0.5 0.25 0.0 0.0 0.0 0.0 0.25 0.5 0.25 0.5 0.25 0.5 0.25 0.0 0.25 0.5 0.0 0.0 0.5 0.25 0.5 0.0 0.0 0.25 0.0 0.25 0.5 0.25 0.5 0.0 0.0 0.25 0.25 0.25 0.5 0.0 0.5 0.5 0.25 0.5 0.0 0.25 0.25 0.25 0.5 0.5 0.25 0.0 0.25 0.0 0.0 0.25 0.25 0.25 0.0 0.25 0.5 0.5 0.0 0.5 0.5 0.5 0.5 0.25 0.5 0.25 0.25 0.25 0.25 0.25 0.0 0.25 0.25 0.25 0.0 0.0 0.0 0.5 0.25 0.5 0.5 0.0 0.5 0.5 0.25 0.25 0.0 0.25 0.25 0.0 0.25 0.25 0.25 0.25 0.5 0.25 0.0 0.0 0.5 0.0 0.0 0.5 0.25 0.25 0.5 0.5 0.0 0.5 0.0 0.25 0.5 0.0 0.25 0.25 0.0 0.0 0.5 0.5 0.0 0.25 0.0 0.5 0.0 0.25 0.0 0.5 0.5 0.25 0.5 0.5 0.5 0.25 0.0 0.5 0.5 0.25 0.25 0.0 0.25 0.5 0.25 0.0 0.0 0.0 0.5 0.5 0.5 0.5 0.25 0.25 0.5 0.25 0.0 0.25 0.25 0.0 0.5 0.25 0.25 0.5 0.0 0.5 0.5 0.0 0.5 0.25 0.25 0.5 0.25 0.5 0.5 0.0 0.0 0.25 0.0 0.5 0.25 0.25 0.25 0.25 0.0 0.5 0.0 0.25 0.0 0.25 0.0 0.5 0.5 0.0 0.25 0.5 0.0 0.0 0.5 0.0 0.25 0.0 0.25 0.0 0.25 0.5 0.0 0.25 0.5 0.5 0.25 0.5 0.0 0.25 0.0 0.0 0.0 0.0 0.5 0.5 0.25 0.0 0.0 0.5 0.25 0.0 0.25 0.0 0.0 0.25 0.0 0.0 0.5 0.25 0.5 0.25 0.5 0.0 0.25 0.25;3 7 8 9
2;0.25 0.5 0.75 0.0 0.0 0.5 0.25 0.25;1 2
16;0.75 0.0 0.5 0.75 0.75 0.25 0.5 0.0 0.75 0.25 0.25 0.75 0.75 0.0 0.75 0.5 0.0 0.5 0.75 0.25 0.25 0.0 0.75 0.75 0.0 0.0 0.25 0.0 0.5 0.75 0.25 0.0 0.25 0.5 0.75 0.0 0.5 0.0 0.5 0.25 0.5 0.5 0.0 0.5 0.25 0.5 0.0 0.5 0.0 0.75 0.75 0.25 0.75 0.5 0.5 0.25 0.25 0.0 0.25 0.5 0.75 0.5 0.5 0.25;0 3 4 8 11 12 14 18 22 23 29 34 49 50 52 60
8;1.25 0.5 1.5 0.5 1.0 1.5 1.0 0.5 0.25 0.75 1.0 1.5 1.25 1.0 0.25 0.0 0.0 1.25 0.25 0.25 0.0 1.0 0.0 0.5 1.0 1.0 1.0 0.5 0.5 1.5 1.25 0.75 1.25 1.0 0.5 1.0 0.75 0.75 0.5 0.25 0.5 0.0 0.75 0.25 0.5 0.0 0.75 0.0 1.5 0.25 1.25 1.0 1.5 1.5 1.5 1.5 1.25 0.0 0.25 0.0 1.5 1.25 1.25 1.5;11 29 48 52 53 54 55 60
8;1.0 0.5 1.0 1.0 0.5 0.25 0.5 2.0 0.5 0.75 1.25 2.0 1.5 0.5 0.0 0.0 2.0 2.0 2.0 0.5 0.0 0.0 1.5 1.75 1.25 0.25 0.0 1.75 0.25 1.75 1.75 0.5 1.5 1.75 2.0 1.0 0.75 2.0 2.0 0.5 2.0 1.75 0.25 0.75 0.75 0.5 0.5 0.5 0.0 1.5 0.25 0.25 0.5 1.5 0.25 1.0 0.0 0.25 0.0 1.5 1.25 0.0 2.0 0.75;11 16 17 18 34 37 38 40
8;0.25 0.0 0.0 0.0 0.0 0.25 0.25 0.0 0.25 0.0 0.0 0.0 0.0 0.25 0.25 0.25 0.25 0.25 0.25 0.0 0.25 0.0 0.0 0.0 0.25 0.25 0.25 0.25 0.0 0.0 0.25 0.0 0.0 0.25 0.0 0.0 0.25 0.0 0.25 0.25 0.0 0.25 0.0 0.0 0.0 0.25 0.25 0.0 0.25 0.0 0.0 0.25 0.25 0.0 0.25 0.0 0.0 0.0 0.0 0.0 0.25 0.0 0.0 0.25;17 18 20 24 46 51 52 54
3;2.25 0.125 2.875 -1.625 0.0;0 1 2
8;0.0 0.0 0.25 0.25 0.0 0.25 0.25 0.25 0.0 0.0 0.0 0.25 0.25 0.25 0.25 0.25 0.0 0.25 0.0 0.0 0.0 0.25 0.0 0.25 0.0 0.0 0.0 0.25 0.0 0.0 0.25 0.25 0.0 0.0 0.25 0.25 0.25 0.25 0.0 0.0 0.0 0.25 0.0 0.25 0.25 0.25 0.0 0.0 0.0 0.0 0.0 0.0 0.0 0.25 0.0 0.0 0.0 0.0 0.25 0.0 0.0 0.0 0.25 0.25;17 23 27 30 31 34 53 58
8;0.0 0.75 0.25 0.0 0.75 0.25 0.0 0.0 0.0 0.5 0.75 0.75 0.5 0.75 0.0 0.5 0.75 1.0 0.0 0.75 0.5 0.75 1.0 0.5 0.25 0.5 0.75 0.0 0.0 0.25 0.25 0.5 0.0 0.0 0.75 0.0 0.25 1.0 0.0 0.75 0.25 0.5 0.5 1.0 1.0 0.25 0.5 0.5 0.5 1.0 1.0 0.75 1.0 0.75 0.75 0.75 0.75 0.5 0.0 1.0 0.75 0.0 1.0 0.5;17 22 37 43 49 50 52 59
8;0.0 0.25 0.5 0.5 0.5 0.25 0.25 0.25 0.5 0.25 0.5 0.25 0.25 0.5 0.25 0.0 0.0 0.5 0.5 0.25 0.0 0.25 0.25 0.0 0.0 0.25 0.0 0.5 0.0 0.0 0.25 0.5 0.0 0.0 0.5 0.0 0.25 0.0 0.5 0.0 0.25 0.5 0.5 0.5 0.5 0.0 0.25 0.0 0.0 0.25 0.0 0.5 0.0 0.0 0.25 0.5 0.5 0.25 0.0 0.5 0.5 0.5 0.25 0.0;13 17 18 27 34 55 59 61
8;2.0 1.5 0.25 0.0 1.0 1.5 0.0 2.0 2.0 0.5 0.75 0.5 1.5 1.0 0.5 0.0 1.75 0.75 2.0 1.0 2.0 0.0 0.25 0.25 0.75 1.0 1.0 1.0 0.0 1.0 1.75 2.0 0.5 1.75 0.25 1.25 0.5 0.5 1.25 2.0 0.5 1.5 0.0 1.0 0.25 0.5 1.5 1.0 2.0 1.0 2.0 1.0 1.5 0.0 0.75 0.25 0.25 0.75 0.0 1.25 1.75 0.75 0.75 2.0;0 7 8 18 20 31 39 63
8;2.375 -1.25 -0.75 2.375 -1.625 -4.5 0.875 -0.5 -0.75 -0.5 0.5 1.0 0.25 -0.375 -1.875 -2.875 2.125 1.5 -0.875 1.125 -1.0 0.125 1.25 1.25 -0.75 0.0 -0.375 -0.75 -0.25 -0.25 -1.875 0.75 -1.75 -1.125 -1.875 -1.5 -1.875 1.625 0.5 1.375 1.5 1.625 -0.5 1.25 -1.625 1.5 3.5 1.75 1.5 3.0 -0.875 -0.375 -0.625 1.125 2.25 -2.5 -2.875 0.625 0.0 0.5 1.625 0.75 -0.875 -1.625;0 3 16 46 47 49 54 60
16;-0.625 0.125 -2.25 -0.625 0.625 -0.25 1.25 -1.875 -2.125 -1.75 -1.0 0.125 0.25 1.75 -0.625 1.0 -2.25 1.375 -0.625 0.875 0.0 -2.625 2.0 -1.375 -0.375 -1.125 0.5 1.5 -2.75 -0.875 2.5 1.0 -0.5 1.5 1.75 -0.625 2.125 -0.375 -0.125 0.375 -0.125 1.625 1.875 1.125 0.875 -3.375 0.0 -0.75 0.375 0.375 -0.125 -3.25 -2.25 -2.5 0.0 -3.25 -1.25 0.75 0.5 -0.25 1.125 0.0 3.75 0.75;6 13 15 17 22 27 30 31 33 34 36 41 42 43 60 62
8;0.0 0.5 0.25 1.0 0.0 0.75 0.75 0.25 0.25 0.25 1.0 0.25 1.0 0.75 0.5 0.0 0.0 0.25 0.75 1.0 0.25 1.0 0.5 0.25 0.25 0.5 0.5 0.75 0.5 0.75 0.75 0.75 0.5 0.25 1.0 0.25 1.0 0.25 0.25 0.0 1.0 1.0 0.0 0.25 0.0 0.25 0.5 0.0 0.75 0.5 1.0 1.0 0.5 0.75 0.75 0.5 0.25 0.75 0.25 0.5 0.0 0.75 1.0 1.0;12 19 21 34 36 40 50 51
8;1.75 0.5 1.75 4.0 2.375 0.75 -2.5 1.125 0.875 -0.75 -2.0 -1.125 -0.25 0.25 0.0 1.25 -0.625 -1.0 1.25 -0.375 0.75 2.25 3.375 -0.375 0.875 0.0 0.25 0.0 1.875 -3.0 -2.125 0.25 -1.125 -1.125 1.5 0.0 2.0 0.75 3.0 1.5 -1.625 -1.0 -0.875 1.375 -0.25 -2.75 -1.5 2.0 -2.25 0.125 -0.125 1.75 0.25 -0.625 0.5 3.25 0.125 0.75 0.5 0.5 1.875 1.75 0.5 -0.25 1.75 0.0 0.625 -1.375 2.125 0.25 0.375 -2.0 -0.625 -2.25 0.25 1.75 -0.75 -0.75 -0.375 1.125 3.125 1.0 -0.25 1.0 0.5 2.125 0.25 -1.0 0.0 0.5 -1.5 -1.375 1.5 -0.875 0.625 1.25 -2.5 2.0 0.5 0.75 2.75 -0.625 3.75 0.375 -0.5 0.125 -1.375 1.5 -0.125 -0.875 -0.625 -2.75 -2.0 0.375 2.375 -1.625 -1.875 1.5 -0.875 -3.0 -3.25 0.25 -1.875 0.875 0.375 3.25 -2.125 -0.75 1.625 -1.125 0.625 -0.875 1.0 -0.875 -0.125 1.25 3.375 -1.75 -0.375 0.875 -1.25 0.875 1.25 0.625 2.375 -0.75 -1.875 1.0 -0.125 -0.875 -0.25 3.375 -1.125 -0.625 -2.75 0.875 0.0 -0.375 0.0 0.5 0.5 0.125 0.375 2.125 2.25 -1.5 0.625 -0.375 -2.5 -1.5 -0.75 0.5 -4.0 -1.125 3.75 -0.125 0.375 0.5 -0.625 -0.875 -1.25 -1.25 2.25 0.5 0.375 -0.5 1.375 -3.375 -0.25 0.5 0.75 1.625 0.375 -1.375 -0.875 0.5 -3.0 0.5 -0.125 0.125 1.5 5.125 3.375 -0.25 -2.75 1.0 -0.125 0.625 0.875 -1.5 -1.125 0.625 -0.75 1.375 2.5 0.375 -1.375 1.0 1.5 -1.375 0.375 0.125 -1.5 -0.25 -0.5 0.5 -2.125 -2.75 -2.375 -0.375 -0.5 0.5 2.75 0.0 -1.0 -0.625 3.75 -0.375 -1.125 3.0 -1.25 -1.375 1.625 0.5 -1.75 0.375 2.0 0.125 0.5 -2.0 0.125 -0.375 -0.375 -1.75 0.375 -0.875;3 102 136 151 174 201 202 236
3;1.25 2.75 -2.25 2.75 -1.0;0 1 3
2;-3.125 -1.375 1.0 0.0;2 3
2;0.25 -0.875 -2.375 0.75 -0.625 -1.0 0.125 1.375 0.875 -0.5 0.875 -0.125 0.75 1.75 -2.125 -1.375 0.375 -2.125 -2.125 -0.125 1.75 -1.625 -0.125 -0.5 -0.375 -0.875 1.375 -2.25 -5.25 0.125 -1.75 -1.75 0.875 -1.125 0.625 1.125 -2.875 -0.5 0.75 -1.375 -0.125 -1.375 1.0 -1.75 -1.75 -0.375 0.75 0.75 1.875 -3.125 1.0 -0.875 2.75 1.375 -2.0 -0.625 0.5 0.125 -0.5 -2.625 -1.875 0.875 -0.75 -1.125 1.875 -0.625 -3.125 -1.875 -0.125 1.125 1.375 0.0 2.125 2.125 -1.375 -1.125 1.625 2.375 -0.625 -0.5 -1.125 -0.625 0.5 0.5 2.25 0.125 -0.625 0.875 -0.125 0.75 -1.625 2.25 -3.375 0.125 1.375 0.75 -3.625 -1.625 0.5 3.25 2.625 -0.375 -0.625 0.75 1.5 1.625 1.375 -1.375 0.125 -0.25 0.125 -0.75 -3.0 -1.875 1.75 2.375 -1.625 2.0 0.0 -0.5 -0.25 0.875 -0.25 -1.0 -0.25 -1.125 -3.0 0.75;52 99
2;1.25 0.75 0.75 1.25;0 3
8;0.75 1.0 0.25 1.25 1.0 0.0 1.0 1.5 0.25 1.25 0.0 1.25 0.75 1.5 0.5 0.25 1.5 1.25 0.25 0.0 1.5 1.0 0.25 0.5 1.5 1.25 1.5 1.0 0.75 0.0 0.5 0.75 1.25 1.0 0.5 1.25 0.25 1.5 1.5 1.0 0.5 0.75 0.0 0.5 1.5 0.25 1.5 1.5 0.25 1.5 1.5 1.5 1.0 1.0 1.0 0.5 1.5 1.5 0.0 0.5 1.25 1.25 1.0 1.5;13 20 24 26 37 38 44 47
2;1.0 0.25 1.0 2.0 1.0 0.75 0.25 0.75 2.0 1.25 1.5 1.0 2.0 2.0 1.75 0.75 0.5 0.75 0.5 0.75 0.0 2.0 2.0 1.25 1.5 2.0 1.25 0.75 0.0 0.75 0.25 0.75 1.25 0.5 0.0 1.75 1.5 0.25 0.25 0.25 0.25 2.0 1.5 2.0 0.5 0.0 1.75 1.0 2.0 1.25 1.5 1.5 1.5 0.0 2.0 2.0 2.0 1.5 1.75 0.25 2.0 0.5 1.0 1.0;12 54
2;1.0 0.25 -0.125 1.125 -0.125 0.875 0.375 -0.625;0 3
8;-1.25 -1.875 1.5 -0.5 -1.5 -1.0 0.625 0.25 -3.375 -0.625 -2.125 2.5 0.25 0.75 -0.375 1.375 -0.25 1.25 0.875 -2.375 0.25 -0.375 4.375 -1.0 -1.0 2.125 -2.0 -0.75 -0.25 2.0 -1.625 0.0 -1.125 3.625 0.875 1.375 -1.75 -2.375 2.125 -1.5 -0.125 -1.125 -1.0 -0.5 1.75 -0.375 0.625 1.875 -0.125 -0.375 2.5 0.625 1.75 1.875 1.0 2.5 3.25 -0.625 1.875 1.375 0.125 -1.25 -0.375 2.625;11 22 33 38 50 55 56 63
2;1.5 0.25 0.375 -1.375;0 2
3;0.25 0.75 0.75 0.5 0.75;1 2 4
2;2.75 1.75 3.25 1.75 3.0 3.5 2.75 0.5 3.5 1.75 4.0 3.5 3.0 0.25 3.25 2.0 0.75 0.25 1.75 2.75 3.25 2.75 3.25 0.5 3.75 1.5 0.0 0.25 3.0 2.5 2.75 1.0 0.0 2.0 3.5 3.5 2.75 0.5 1.25 3.0 0.25 0.0 0.25 0.25 3.25 3.25 0.0 4.0 1.75 3.75 1.0 1.25 0.25 3.0 2.0 0.5 1.5 2.5 1.5 1.5 4.0 3.75 1.5 0.5 4.0 0.0 1.75 3.5 1.0 1.0 2.0 1.25 3.0 0.25 3.25 2.5 0.25 4.0 2.25 4.0 4.0 3.25 0.5 0.75 3.25 4.0 0.0 0.0 2.0 3.25 1.75 2.25 3.75 3.5 0.0 1.0 0.5 0.75 1.25 1.5 0.0 3.75 3.25 3.0 3.75 0.25 2.5 1.0 3.5 0.0 2.75 0.5 2.0 1.5 1.25 0.75 0.25 1.5 1.25 0.75 0.5 2.5 2.25 2.0 1.5 3.0 3.5 1.5;10 47
8;1.0 0.5 1.0 0.75 1.25 1.5 0.25 1.5 0.25 1.0 1.5 0.5 1.0 1.25 1.5 1.0 0.75 0.0 0.25 0.0 1.0 1.25 0.25 1.5 0.75 1.0 0.75 0.75 1.0 0.75 0.25 0.25 1.0 0.5 1.0 0.0 0.25 1.0 0.25 0.5 1.25 0.25 1.5 0.0 1.25 1.25 1.25 0.5 1.0 0.5 1.0 0.0 0.0 1.0 0.75 0.5 1.25 1.5 0.75 0.0 1.5 0.75 0.25 0.5;5 7 10 14 23 42 57 60
8;0.25 0.75 0.25 0.0 0.0 0.25 0.5 0.5 0.75 0.75 0.5 0.25 0.5 0.25 1.0 0.0 0.0 0.75 1.0 0.5 0.5 0.75 1.0 0.75 0.0 0.0 0.0 0.25 0.5 0.0 0.75 0.25 0.25 0.5 1.0 0.25 0.25 0.75 0.75 0.0 0.5 0.5 0.75 0.5 0.5 0.25 0.5 0.0 0.5 0.75 0.75 0.5 0.5 1.0 0.0 1.0 0.5 0.75 1.0 0.0 0.25 0.75 1.0 0.0;14 18 22 34 53 55 58 62
8;0.25 0.25 0.25 0.0 0.25 0.25 0.25 0.25 0.25 0.25 0.25 0.0 0.0 0.25 0.0 0.0 0.0 0.0 0.0 0.25 0.25 0.0 0.25 0.0 0.0 0.25 0.0 0.25 0.0 0.25 0.0 0.0 0.25 0.25 0.0 0.0 0.0 0.25 0.0 0.25 0.25 0.25 0.0 0.0 0.25 0.0 0.0 0.25 0.0 0.25 0.0 0.0 0.25 0.25 0.0 0.0 0.0 0.0 0.0 0.25 0.25 0.25 0.0 0.0 0.0 0.0 0.25 0.25 0.25 0.25 0.25 0.25 0.25 0.25 0.25 0.25 0.25 0.25 0.0 0.25 0.25 0.25 0.0 0.0 0.25 0.0 0.0 0.25 0.25 0.0 0.25 0.0 0.0 0.0 0.25 0.0 0.0 0.0 0.0 0.0 0.25 0.0 0.0 0.25 0.25 0.25 0.25 0.25 0.0 0.0 0.0 0.25 0.25 0.0 0.0 0.25 0.0 0.0 0.25 0.25 0.25 0.0 0.25 0.0 0.25 0.0 0.0 0.25 0.0 0.25 0.25 0.0 0.25 0.25 0.25 0.0 0.25 0.25 0.0 0.25 0.0 0.25 0.25 0.0 0.25 0.25 0.0 0.0 0.25 0.0 0.25 0.0 0.25 0.25 0.0 0.25 0.0 0.0 0.25 0.0 0.0 0.0 0.0 0.0 0.0 0.25 0.25 0.0 0.0 0.25 0.25 0.25 0.0 0.25 0.25 0.0 0.25 0.25 0.0 0.0 0.0 0.0 0.25 0.25 0.25 0.25 0.25 0.25 0.0 0.0 0.0 0.0 0.25 0.25 0.0 0.25 0.25 0.25 0.0 0.25 0.0 0.25 0.0 0.25 0.0 0.25 0.0 0.0 0.0 0.25 0.25 0.25 0.0 0.25 0.0 0.25 0.0 0.25 0.0 0.0 0.25 0.0 0.0 0.0 0.25 0.0 0.0 0.25 0.25 0.25 0.25 0.25 0.0 0.0 0.0 0.25 0.25 0.0 0.25 0.0 0.0 0.25 0.25 0.25 0.25 0.25 0.25 0.0 0.0 0.25 0.25 0.0 0.0 0.0 0.0 0.0;103 104 105 107 111 112 201 203
8;-0.25 0.0 3.0 -2.0 -1.875 1.375 2.0 0.125 0.125 -0.75 -0.375 1.0 0.875 -1.75 1.25 1.875 0.875 0.125 0.375 1.375 1.625 -3.0 1.875 -1.875 0.75 -2.0 -0.125 1.875 -1.875 0.125 0.25 0.125 0.375 1.375 0.75 -2.375 1.25 1.625 -0.125 -1.625 -1.5 0.625 -0.125 0.125 -0.75 0.25 1.25 -0.375 2.5 0.0 -0.25 1.5 0.375 0.25 -1.75 -0.5 -0.5 -0.5 0.25 1.5 0.625 -3.0 -2.125 1.25 1.375 -1.0 -0.875 -1.25 0.25 -1.625 -0.75 1.125 3.0 0.125 -1.75 1.5 1.5 -3.0 2.75 -0.125 1.875 2.25 0.25 0.0 -0.375 0.0 1.125 0.375 -0.125 -2.25 -0.75 0.625 -0.625 -0.875 -1.0 -0.75 2.0 0.0 0.0 1.875 3.75 -0.625 -0.875 -0.75 0.0 0.125 1.75 -0.25 -1.0 0.0 1.375 -2.25 -0.75 -0.5 0.625 1.5 1.5 -1.625 -1.0 -0.375 -0.125 0.5 -4.25 -3.5 0.875 -3.625 1.875 0.0 -0.375 0.625 -0.25 0.75 -0.625 -0.875 -0.375 -1.125 0.625 0.0 -0.5 1.125 0.875 3.5 -1.875 -0.75 0.75 -1.75 -0.625 2.0 2.5 1.625 -3.125 0.125 2.625 -1.25 1.75 1.0 -1.75 -3.0 1.125 -0.75 -0.125 -0.75 -0.75 1.0 2.25 0.25 2.625 -2.125 1.875 -1.75 2.875 -1.625 -1.625 3.125 -1.625 -1.25 -0.875 -3.125 -2.625 1.875 1.75 -1.625 2.75 -0.625 -0.125 1.5 -1.0 -1.25 -2.375 0.5 4.25 -1.875 -0.125 -0.75 -0.125 0.375 -1.625 0.125 2.5 -1.125 1.5 -0.125 -1.75 2.875 -0.75 2.0 0.125 -2.125 1.875 -1.375 1.0 -2.375 1.125 -1.0 -1.5 -1.5 -1.375 0.875 -0.75 -0.625 -2.0 0.875 -0.625 -1.5 -0.5 2.375 -0.625 2.125 0.75 -1.0 -2.0 0.125 -0.625 2.125 -1.25 -0.625 3.375 1.625 -0.75 -1.375 1.0 -0.25 2.125 -0.625 1.5 0.0 1.0 0.125 1.25 -1.25 2.25 0.25 1.25 1.0 -0.5 -3.5;2 72 100 141 170 173 190 236
16;0.25 0.25 0.0 0.0 0.25 0.25 0.25 0.25 0.25 0.0 0.0 0.25 0.0 0.25 0.25 0.0 0.25 0.25 0.25 0.0 0.0 0.25 0.25 0.0 0.0 0.0 0.25 0.0 0.0 0.0 0.25 0.25 0.25 0.25 0.0 0.0 0.25 0.0 0.0 0.0 0.25 0.25 0.25 0.0 0.25 0.25 0.0 0.0 0.25 0.0 0.0 0.0 0.25 0.25 0.25 0.0 0.0 0.25 0.0 0.25 0.0 0.25 0.25 0.25;0 22 26 30 31 33 36 40 41 42 44 54 57 59 61 62
8;0.0 0.5 0.0 0.5 0.5 0.5 0.5 0.25 0.0 0.5 0.25 0.0 0.0 0.5 0.5 0.5 0.5 0.0 0.0 0.25 0.0 0.0 0.25 0.0 0.0 0.0 0.5 0.5 0.25 0.0 0.5 0.5 0.25 0.25 0.5 0.5 0.25 0.5 0.0 0.5 0.0 0.5 0.5 0.25 0.0 0.5 0.0 0.5 0.0 0.25 0.5 0.0 0.25 0.5 0.5 0.25 0.0 0.5 0.25 0.0 0.25 0.5 0.5 0.0;16 26 27 42 45 47 50 54
4;0.5 0.5 0.5 0.75 0.25 0.0 0.0 0.0 0.0 0.0 0.5 0.0 0.25 0.25 0.5 0.25 0.25 0.0 0.75 0.75 0.5 0.0 0.75 0.5 0.75 0.25 0.5 0.5 0.25 0.25 0.5 0.0 0.5 0.5 0.5 0.25 0.5 0.25 0.25 0.75 0.75 0.75 0.5 0.5 0.5 0.25 0.75 0.0 0.0 0.0 0.25 0.75 0.25 0.0 0.0 0.5 0.5 0.75 0.0 0.0 0.75 0.25 0.75 0.75 0.25 0.25 0.25 0.75 0.75 0.75 0.75 0.25 0.5 0.5 0.75 0.25 0.75 0.25 0.0 0.75 0.0 0.25 0.75 0.0 0.25 0.5 0.5 0.0 0.75 0.25 0.75 0.0 0.75 0.75 0.0 0.0 0.25 0.75 0.25 0.5 0.75 0.25 0.0 0.0 0.5 0.75 0.25 0.5 0.5 0.0 0.75 0.0 0.0 0.5 0.75 0.0 0.25 0.0 0.5 0.0 0.5 0.5 0.25 0.25 0.5 0.25 0.25 0.0 0.75 0.75 0.5 0.75 0.0 0.0 0.5 0.75 0.25 0.75 0.0 0.5 0.0 0.25 0.0 0.5 0.0 0.0 0.75 0.0 0.25 0.0 0.5 0.75 0.5 0.5 0.0 0.25 0.5 0.75 0.25 0.5 0.5 0.5 0.5 0.5 0.5 0.75 0.5 0.25 0.0 0.0 0.5 0.5 0.75 0.0 0.75 0.25 0.75 0.25 0.75 0.5 0.75 0.25 0.75 0.25 0.0 0.5 0.25 0.5 0.5 0.75 0.25 0.0 0.75 0.75 0.25 0.5 0.0 0.75 0.5 0.0 0.0 0.0 0.5 0.0 0.25 0.5 0.5 0.75 0.0 0.5 0.0 0.0 0.0 0.25 0.5 0.75 0.0 0.75 0.25 0.75 0.5 0.75 0.5 0.75 0.25 0.75 0.5 0.5 0.0 0.5 0.25 0.75 0.25 0.5 0.75 0.0 0.75 0.0 0.25 0.75 0.75 0.25 0.0 0.75 0.0 0.25 0.0 0.25 0.75 0.75 0.75 0.75 0.25 0.5 0.5 0.0;3 18 19 22
8;0.25 1.5 0.5 0.5 0.25 0.5 1.0 1.5 1.5 0.75 1.25 0.75 1.75 2.0 1.5 0.5 1.5 0.25 1.25 0.5 1.0 0.5 0.25 1.0 0.25 0.75 0.75 1.0 0.5 1.0 1.75 0.5 1.25 1.0 2.0 1.0 0.25 0.25 0.75 0.25 0.0 0.0 0.75 1.25 1.5 0.75 1.25 0.5 1.25 1.25 1.5 2.0 1.5 2.0 2.0 1.25 1.5 1.75 1.25 0.0 1.75 0.75 0.5 0.5;12 13 30 34 51 53 54 57
8;0.5 0.25 0.0 0.5 0.25 0.75 0.5 0.5 0.5 0.0 0.0 0.0 0.75 0.0 0.0 0.25 0.25 0.5 0.25 0.25 0.0 0.25 0.5 0.0 0.0 0.25 0.25 0.25 0.0 0.5 0.25 0.75 0.75 0.25 0.0 0.0 0.75 0.75 0.25 0.5 0.5 0.75 0.5 0.25 0.0 0.5 0.25 0.5 0.5 0.0 0.0 0.25 0.0 0.0 0.0 0.5 0.5 0.5 0.0 0.75 0.5 0.0 0.5 0.5;5 12 31 32 36 37 41 59
8;0.0 0.0 0.0 0.5 0.5 0.0 0.5 0.5 0.25 0.5 0.25 0.25 0.0 0.0 0.0 0.0 0.5 0.25 0.0 0.25 0.5 0.5 0.0 0.0 0.25 0.5 0.0 0.25 0.5 0.0 0.25 0.5 0.25 0.25 0.5 0.25 0.5 0.25 0.25 0.25 0.0 0.0 0.0 0.5 0.0 0.25 0.25 0.25 0.25 0.5 0.5 0.0 0.5 0.25 0.5 0.5 0.25 0.25 0.25 0.5 0.0 0.0 0.0 0.25;16 20 21 34 36 43 50 52
8;1.0 -0.625 2.0 -1.875 -0.75 -0.125 -0.75 -0.875 0.5 -0.125 -2.125 -0.25 0.125 2.625 -1.875 -0.125 1.75 -0.75 -1.75 1.375 -1.5 1.375 0.875 1.625 1.875 -0.5 -2.875 0.125 -0.5 0.0 -0.5 -2.125 -2.5 0.375 3.5 1.375 0.375 2.125 1.5 -1.5 -1.375 2.0 1.875 0.625 -1.125 -0.5 0.625 0.125 -0.75 1.75 0.75 1.875 0.75 0.875 1.0 1.375 0.875 0.0 0.25 0.75 1.375 -1.75 0.75 -1.25;2 13 24 34 37 41 42 51
8;0.0 0.0 0.0 0.25 0.0 0.25 0.0 0.0 0.25 0.25 0.25 0.25 0.25 0.25 0.25 0.25 0.25 0.0 0.0 0.0 0.0 0.25 0.0 0.0 0.25 0.25 0.25 0.25 0.0 0.25 0.0 0.25 0.25 0.0 0.0 0.25 0.0 0.0 0.25 0.0 0.25 0.0 0.25 0.0 0.25 0.25 0.25 0.0 0.0 0.0 0.25 0.0 0.25 0.0 0.0 0.0 0.25 0.25 0.0 0.0 0.0 0.0 0.25 0.0;16 21 24 25 26 38 56 57
8;0.0 0.0 0.25 0.25 0.0 0.25 0.0 0.0 0.0 0.0 0.0 0.25 0.0 0.25 0.25 0.0 0.0 0.25 0.25 0.0 0.0 0.0 0.0 0.0 0.0 0.0 0.25 0.25 0.25 0.0 0.25 0.25 0.25 0.0 0.0 0.0 0.25 0.25 0.25 0.0 0.25 0.0 0.25 0.0 0.25 0.0 0.25 0.25 0.25 0.0 0.0 0.0 0.25 0.25 0.0 0.0 0.25 0.0 0.25 0.25 0.25 0.0 0.0 0.25;26 28 31 36 37 38 40 42
8;0.5 2.0 0.5 0.0 1.0 1.5 1.5 1.25 1.5 2.0 1.0 1.5 0.75 1.5 2.0 1.0 0.5 0.25 0.5 1.75 0.5 2.0 0.5 1.0 1.0 1.5 1.25 2.0 1.25 0.0 0.0 1.0 0.0 1.75 1.5 1.5 0.0 1.25 0.5 1.25 0.5 0.25 1.0 2.0 1.5 0.5 0.25 1.75 1.5 0.25 1.5 1.0 1.0 1.5 1.25 1.0 1.75 0.5 1.75 1.25 1.75 1.5 2.0 1.75;1 9 14 21 27 43 58 62
16;1.75 1.5 1.5 0.25 1.5 0.25 0.0 2.0 1.0 0.5 0.75 1.25 0.75 1.75 2.0 1.0 1.0 2.0 0.0 2.0 0.25 1.5 0.75 2.0 0.75 2.0 0.75 0.25 1.25 1.0 0.5 0.75 1.75 1.0 1.75 0.0 1.25 1.75 1.0 1.75 0.25 0.25 0.75 0.0 0.75 1.25 1.0 1.5 0.25 0.5 2.0 0.75 1.0 1.5 0.0 1.25 1.25 0.25 0.75 0.5 1.0 0.25 0.25 0.75;0 1 7 13 14 17 19 21 23 25 32 34 37 39 50 53
8;0.75 0.75 0.0 1.5 1.5 0.75 1.25 0.0 1.5 0.5 0.75 0.5 1.25 0.5 0.75 1.5 1.5 0.75 0.75 1.5 1.0 1.25 1.0 1.25 1.0 0.75 0.0 0.75 0.0 0.75 1.25 1.0 1.5 0.5 0.0 0.0 1.0 0.0 1.5 0.25 1.5 1.0 0.5 1.25 0.5 0.25 0.0 0.75 0.5 1.0 0.75 0.75 1.25 0.5 1.5 1.0 0.5 0.25 1.25 0.0 0.0 1.5 1.25 0.0;3 4 8 15 16 19 40 54
1;0.25 0.25 0.25 1.0 0.25 0.5 0.25 0.75 0.25 1.0 0.5 0.0 0.25 1.0 0.75 0.0 1.0 0.75 1.0 0.5 0.5 0.25 1.0 0.5 0.75 0.0 0.25 0.25 1.0 0.75 0.75 0.25 0.0 0.75 0.0 0.75 1.0 0.25 0.5 0.25 0.75 0.25 0.5 0.25 0.0 0.25 0.5 0.75 1.0 0.5 1.0 0.5 0.0 0.0 0.0 0.0 0.75 0.5 0.25 0.25 0.0 0.25 0.5 0.5;3
8;0.625 1.375 -1.5 -1.875 -0.375 -0.75 1.375 2.5 2.625 -0.375 -2.5 -0.25 2.875 0.625 -1.625 -0.875 0.75 -0.625 -0.75 1.0 1.0 -1.375 0.625 -1.0 0.5 0.75 0.25 1.5 2.0 -0.25 -0.875 -2.125 -3.625 -1.0 -0.375 -0.75 1.25 1.0 -2.5 -1.0 3.75 0.75 2.0 0.5 0.25 1.0 0.25 0.5 0.5 0.625 0.375 1.625 -0.625 3.25 -1.125 2.125 0.625 -2.0 -1.625 -0.125 2.875 -0.5 0.5 -0.375;7 8 12 28 40 53 55 60
1;1.25 0.0 2.0 0.5 1.25 0.0 0.75 0.25 1.0 0.5 1.5 1.75 0.5 0.75 0.5 1.0 1.25 1.0 1.0 0.75 1.75 1.5 2.0 0.5 0.5 0.75 0.0 1.25 0.75 2.0 1.25 1.75 1.25 1.0 2.0 0.25 0.25 0.25 1.75 2.0 0.75 0.75 1.25 2.0 1.5 0.25 0.75 1.25 1.75 0.25 0.75 1.75 1.5 1.0 2.0 1.0 1.25 0.5 0.25 1.25 1.5 0.25 2.0 0.0 1.75 1.0 1.5 1.25 0.5 0.5 0.0 0.5 2.0 0.5 0.0 0.75 0.5 2.0 1.75 0.75 0.0 2.0 0.75 0.25 2.0 1.0 2.0 1.75 2.0 1.25 1.0 1.75 0.25 0.5 0.75 1.5 0.0 1.75 1.75 1.25 0.0 0.25 1.5 2.0 0.75 0.0 2.0 1.5 0.5 0.75 1.5 1.5 0.25 0.0 1.75 0.75 2.0 1.0 0.0 0.25 2.0 1.25 0.5 1.5 0.0 0.75 2.0 1.75 0.0 0.5 1.0 1.25 1.5 1.5 0.75 0.5 1.75 0.0 1.25 1.0 0.5 1.25 0.5 0.25 2.0 0.75 0.25 2.0 0.0 1.5 1.0 1.0 1.25 1.0 1.5 1.75 1.5 0.75 1.0 1.25 0.75 1.0 0.5 0.25 1.25 2.0 0.0 0.5 0.25 1.25 1.25 2.0 0.75 1.5 0.75 0.75 1.75 2.0 0.5 0.25 0.75 0.5 1.75 2.0 1.25 0.25 2.0 1.5 0.75 1.0 2.0 0.75 0.5 0.0 2.0 1.0 1.5 0.25 0.25 0.75 1.0 1.5 0.25 1.5 1.0 2.0 0.0 2.0 1.0 1.5 2.0 1.0 0.5 1.25 0.25 0.0 0.0 0.75 1.5 0.5 1.0 1.0 0.0 1.75 1.5 1.25 0.25 1.25 0.25 0.75 0.75 0.5 0.75 0.5 1.5 0.25 1.5 1.0 1.25 1.0 1.0 1.0 0.25 2.0 0.5 0.0 0.0 0.25 0.5 0.25 0.0 0.75 0.75 1.5 1.0 0.25;2
8;0.5 0.25 0.75 1.0 0.25 0.0 0.25 0.75 0.5 0.0 0.25 0.5 0.25 0.75 0.25 1.0 0.5 0.0 0.5 0.0 0.0 0.25 0.0 0.0 0.0 0.5 1.0 1.0 1.0 0.5 0.25 0.5 0.75 0.5 0.5 0.5 1.0 1.0 1.0 1.0 0.0 0.25 0.0 0.75 0.25 1.0 1.0 0.75 0.75 0.0 0.5 0.25 1.0 0.5 0.25 0.5 1.0 0.25 0.5 0.0 0.0 0.0 0.25 0.25;15 27 28 36 39 46 52 56
8;-0.5 0.25 3.0 0.75 1.25 -0.5 0.0 -2.375 -0.125 0.125 1.5 -0.5 2.75 0.875 0.125 -1.875 1.625 -0.375 2.25 0.5 2.5 -0.25 0.25 0.0 2.75 1.125 -1.375 1.625 0.0 1.125 -0.375 0.25 -1.75 -1.0 2.25 -1.0 0.5 0.5 -1.75 -0.625 2.125 -2.125 2.75 -1.0 -1.625 0.625 2.375 0.75 0.0 0.125 -0.75 0.875 2.125 -0.625 -1.625 0.25 2.25 0.0 1.25 3.375 1.375 -1.375 0.25 -0.25;2 12 18 20 24 42 46 59
4;1.0 0.75 0.25 0.0 0.5 0.75 0.75 1.0 0.75 0.5 0.25 0.0 0.75 0.25 1.0 1.0 0.25 1.0 1.0 1.0 0.0 0.5 0.5 0.25 0.75 0.75 0.0 0.5 1.0 0.75 0.5 1.0 0.5 1.0 0.0 0.0 0.25 0.0 0.75 1.0 1.0 0.25 0.25 0.0 1.0 0.75 1.0 1.0 0.25 0.0 0.25 1.0 0.25 0.5 0.0 0.75 0.25 0.25 0.25 1.0 0.25 0.75 0.25 0.25 0.0 1.0 1.0 0.75 1.0 0.0 0.0 0.75 0.0 0.5 0.5 0.25 0.25 0.75 0.25 0.75 1.0 0.25 0.5 0.0 0.25 1.0 0.0 1.0 1.0 0.75 0.25 0.75 0.0 0.25 0.5 0.0 1.0 1.0 1.0 0.25 0.5 0.75 0.5 0.75 0.25 0.25 0.5 0.0 0.0 0.0 0.25 1.0 0.75 0.0 0.25 1.0 0.25 0.0 0.0 0.25 0.75 1.0 0.25 0.5 0.25 1.0 0.0 0.25 0.75 0.25 0.5 0.75 0.0 0.25 1.0 0.25 1.0 0.5 0.5 0.5 0.5 0.0 0.5 1.0 0.75 0.0 1.0 1.0 0.0 0.75 0.75 0.75 0.25 0.0 0.75 0.0 0.0 1.0 1.0 0.75 0.25 0.0 0.5 0.0 0.5 0.25 0.75 1.0 0.25 0.25 1.0 0.5 0.25 0.5 0.5 1.0 1.0 0.75 0.5 0.0 1.0 0.75 0.0 0.5 0.75 0.5 0.25 1.0 1.0 1.0 0.5 0.5 1.0 1.0 1.0 1.0 0.25 0.5 1.0 0.25 0.75 1.0 0.0 0.25 1.0 1.0 1.0 1.0 0.0 0.0 0.0 0.0 0.0 0.5 0.0 1.0 1.0 0.0 0.0 0.25 0.75 0.75 0.0 1.0 0.75 0.5 0.5 0.0 0.75 0.75 0.75 0.75 0.75 0.75 0.75 1.0 0.0 0.25 0.75 0.5 0.25 0.25 1.0 0.5 0.0 0.75 1.0 0.5 0.0 0.0 0.75 0.25 0.5 0.75 1.0 1.0;0 7 14 15
8;-1.875 0.0 0.5 1.5 3.125 2.25 -1.0 -2.125 0.125 1.75 -1.875 -1.625 -0.25 -0.25 1.625 -1.375 -0.375 -1.5 -1.5 -2.5 -0.125 1.375 0.25 -0.625 -0.625 -1.375 -0.125 -2.0 0.75 -0.375 0.25 1.75 -3.5 0.5 -3.25 1.5 0.75 1.75 1.5 -0.625 2.625 -0.125 0.5 -0.75 -2.25 -3.125 0.375 2.25 0.0 -1.875 -1.75 0.5 -2.25 2.75 -0.375 2.0 0.75 0.375 1.625 0.25 2.375 0.875 0.5 0.75 3.375 -1.125 -2.25 -1.0 1.375 -0.125 0.375 2.875 -1.0 1.0 1.5 2.0 -0.875 1.375 -1.125 3.0 -1.125 -1.75 1.5 4.0 1.5 -0.875 0.375 2.5 0.25 0.375 0.375 -1.5 -0.625 0.125 0.75 0.625 -2.25 2.25 1.375 3.125 1.125 0.25 -0.75 0.0 -1.0 2.0 0.625 1.25 -0.125 -0.75 -0.5 0.375 -2.875 0.25 -0.125 -0.75 1.125 -0.75 0.125 0.25 2.75 1.375 0.25 0.625 -1.375 -0.375 -3.0 -0.25 2.0 -1.25 -1.0 -1.875 1.75 0.125 -2.75 -1.125 2.375 1.875 2.5 -0.375 -2.25 0.25 0.875 -0.625 -1.375 -2.25 0.0 1.875 2.25 -3.5 -0.75 1.125 -0.875 -1.375 -2.0 -2.75 -0.5 0.125 0.75 -0.625 0.875 0.125 0.0 -1.125 0.5 -2.75 -3.125 1.125 -0.375 -1.375 -2.125 0.75 -0.375 0.375 1.375 -0.25 2.625 2.25 -1.625 1.75 -0.375 -0.375 -0.375 -0.875 -0.5 -0.875 1.875 2.625 0.125 -1.375 -0.125 -1.625 -0.625 -0.25 1.5 0.0 0.875 0.625 1.375 0.25 -0.625 1.25 1.125 2.375 0.0 1.375 0.625 0.0 1.0 -2.625 1.0 -1.625 -0.25 1.375 -0.125 -0.875 -1.125 1.5 -1.375 4.75 1.875 -0.875 -0.25 0.0 1.125 1.5 0.75 0.5 0.5 3.5 -2.5 0.625 -0.625 -2.625 -1.625 1.0 2.125 1.875 0.375 1.875 -0.5 -0.25 1.875 -2.125 2.625 -0.375 -2.25 1.25 1.0 0.375 0.375 1.125 -2.625 3.375 -1.625 -0.25;4 64 79 83 99 219 229 253
